1 3
3 4
4 2
1 2
2 3
5 7
7 8
8 6
5 6
6 7
3 5
4 6
5 4
9 11
11 12
12 10
9 10
10 11
7 9
8 10
9 8
13 15
15 16
16 14
13 14
14 15
17 19
19 20
20 18
17 18
18 19
15 17
16 18
17 16
21 23
23 24
24 22
21 22
22 23
19 21
20 22
21 20
11 13
12 14
13 12
25 26
27 29
29 30
30 28
27 28
28 29
25 27
26 28
27 26
31 33
33 34
34 32
31 32
32 33
29 31
30 32
31 30
35 37
37 38
38 36
35 36
36 37
39 41
41 42
42 40
39 40
40 41
37 39
38 40
39 38
43 45
45 46
46 44
43 44
44 45
41 43
42 44
43 42
33 35
34 36
35 34
23 25
24 26
25 24
47 49
49 50
50 48
47 48
48 49
51 53
53 54
54 52
51 52
52 53
49 51
50 52
51 50
55 57
57 58
58 56
55 56
56 57
53 55
54 56
55 54
59 61
61 62
62 60
59 60
60 61
63 65
65 66
66 64
63 64
64 65
61 63
62 64
63 62
67 69
69 70
70 68
67 68
68 69
65 67
66 68
67 66
57 59
58 60
59 58
71 72
73 75
75 76
76 74
73 74
74 75
71 73
72 74
73 72
77 79
79 80
80 78
77 78
78 79
75 77
76 78
77 76
81 83
83 84
84 82
81 82
82 83
85 87
87 88
88 86
85 86
86 87
83 85
84 86
85 84
89 91
91 92
92 90
89 90
90 91
87 89
88 90
89 88
79 81
80 82
81 80
69 71
70 72
71 70
45 47
46 48
47 46
93 95
95 96
96 94
93 94
94 95
97 99
99 100
100 98
97 98
98 99
95 97
96 98
97 96
101 103
103 104
104 102
101 102
102 103
99 101
100 102
101 100
105 107
107 108
108 106
105 106
106 107
109 111
111 112
112 110
109 110
110 111
107 109
108 110
109 108
113 115
115 116
116 114
113 114
114 115
111 113
112 114
113 112
103 105
104 106
105 104
117 118
119 121
121 122
122 120
119 120
120 121
117 119
118 120
119 118
123 125
125 126
126 124
123 124
124 125
121 123
122 124
123 122
127 129
129 130
130 128
127 128
128 129
131 133
133 134
134 132
131 132
132 133
129 131
130 132
131 130
135 137
137 138
138 136
135 136
136 137
133 135
134 136
135 134
125 127
126 128
127 126
115 117
116 118
117 116
139 141
141 142
142 140
139 140
140 141
143 145
145 146
146 144
143 144
144 145
141 143
142 144
143 142
147 149
149 150
150 148
147 148
148 149
145 147
146 148
147 146
151 153
153 154
154 152
151 152
152 153
155 157
157 158
158 156
155 156
156 157
153 155
154 156
155 154
159 161
161 162
162 160
159 160
160 161
157 159
158 160
159 158
149 151
150 152
151 150
163 164
165 167
167 168
168 166
165 166
166 167
163 165
164 166
165 164
169 171
171 172
172 170
169 170
170 171
167 169
168 170
169 168
173 175
175 176
176 174
173 174
174 175
177 179
179 180
180 178
177 178
178 179
175 177
176 178
177 176
181 183
183 184
184 182
181 182
182 183
179 181
180 182
181 180
171 173
172 174
173 172
161 163
162 164
163 162
137 139
138 140
139 138
91 93
92 94
93 92
185 187
187 188
188 186
185 186
186 187
189 191
191 192
192 190
189 190
190 191
187 189
188 190
189 188
193 195
195 196
196 194
193 194
194 195
191 193
192 194
193 192
197 199
199 200
200 198
197 198
198 199
201 203
203 204
204 202
201 202
202 203
199 201
200 202
201 200
205 207
207 208
208 206
205 206
206 207
203 205
204 206
205 204
195 197
196 198
197 196
209 210
211 213
213 214
214 212
211 212
212 213
209 211
210 212
211 210
215 217
217 218
218 216
215 216
216 217
213 215
214 216
215 214
219 221
221 222
222 220
219 220
220 221
223 225
225 226
226 224
223 224
224 225
221 223
222 224
223 222
227 229
229 230
230 228
227 228
228 229
225 227
226 228
227 226
217 219
218 220
219 218
207 209
208 210
209 208
231 233
233 234
234 232
231 232
232 233
235 237
237 238
238 236
235 236
236 237
233 235
234 236
235 234
239 241
241 242
242 240
239 240
240 241
237 239
238 240
239 238
243 245
245 246
246 244
243 244
244 245
247 249
249 250
250 248
247 248
248 249
245 247
246 248
247 246
251 253
253 254
254 252
251 252
252 253
249 251
250 252
251 250
241 243
242 244
243 242
255 256
257 259
259 260
260 258
257 258
258 259
255 257
256 258
257 256
261 263
263 264
264 262
261 262
262 263
259 261
260 262
261 260
265 267
267 268
268 266
265 266
266 267
269 271
271 272
272 270
269 270
270 271
267 269
268 270
269 268
273 275
275 276
276 274
273 274
274 275
271 273
272 274
273 272
263 265
264 266
265 264
253 255
254 256
255 254
229 231
230 232
231 230
277 279
279 280
280 278
277 278
278 279
281 283
283 284
284 282
281 282
282 283
279 281
280 282
281 280
285 287
287 288
288 286
285 286
286 287
283 285
284 286
285 284
289 291
291 292
292 290
289 290
290 291
293 295
295 296
296 294
293 294
294 295
291 293
292 294
293 292
297 299
299 300
300 298
297 298
298 299
295 297
296 298
297 296
287 289
288 290
289 288
301 302
303 305
305 306
306 304
303 304
304 305
301 303
302 304
303 302
307 309
309 310
310 308
307 308
308 309
305 307
306 308
307 306
311 313
313 314
314 312
311 312
312 313
315 317
317 318
318 316
315 316
316 317
313 315
314 316
315 314
319 321
321 322
322 320
319 320
320 321
317 319
318 320
319 318
309 311
310 312
311 310
299 301
300 302
301 300
323 325
325 326
326 324
323 324
324 325
327 329
329 330
330 328
327 328
328 329
325 327
326 328
327 326
331 333
333 334
334 332
331 332
332 333
329 331
330 332
331 330
335 337
337 338
338 336
335 336
336 337
339 341
341 342
342 340
339 340
340 341
337 339
338 340
339 338
343 345
345 346
346 344
343 344
344 345
341 343
342 344
343 342
333 335
334 336
335 334
347 348
349 351
351 352
352 350
349 350
350 351
347 349
348 350
349 348
353 355
355 356
356 354
353 354
354 355
351 353
352 354
353 352
357 359
359 360
360 358
357 358
358 359
361 363
363 364
364 362
361 362
362 363
359 361
360 362
361 360
365 367
367 368
368 366
365 366
366 367
363 365
364 366
365 364
355 357
356 358
357 356
345 347
346 348
347 346
321 323
322 324
323 322
275 277
276 278
277 276
183 185
184 186
185 184
369 371
371 372
372 370
369 370
370 371
373 375
375 376
376 374
373 374
374 375
371 373
372 374
373 372
377 379
379 380
380 378
377 378
378 379
375 377
376 378
377 376
381 383
383 384
384 382
381 382
382 383
385 387
387 388
388 386
385 386
386 387
383 385
384 386
385 384
389 391
391 392
392 390
389 390
390 391
387 389
388 390
389 388
379 381
380 382
381 380
393 394
395 397
397 398
398 396
395 396
396 397
393 395
394 396
395 394
399 401
401 402
402 400
399 400
400 401
397 399
398 400
399 398
403 405
405 406
406 404
403 404
404 405
407 409
409 410
410 408
407 408
408 409
405 407
406 408
407 406
411 413
413 414
414 412
411 412
412 413
409 411
410 412
411 410
401 403
402 404
403 402
391 393
392 394
393 392
415 417
417 418
418 416
415 416
416 417
419 421
421 422
422 420
419 420
420 421
417 419
418 420
419 418
423 425
425 426
426 424
423 424
424 425
421 423
422 424
423 422
427 429
429 430
430 428
427 428
428 429
431 433
433 434
434 432
431 432
432 433
429 431
430 432
431 430
435 437
437 438
438 436
435 436
436 437
433 435
434 436
435 434
425 427
426 428
427 426
439 440
441 443
443 444
444 442
441 442
442 443
439 441
440 442
441 440
445 447
447 448
448 446
445 446
446 447
443 445
444 446
445 444
449 451
451 452
452 450
449 450
450 451
453 455
455 456
456 454
453 454
454 455
451 453
452 454
453 452
457 459
459 460
460 458
457 458
458 459
455 457
456 458
457 456
447 449
448 450
449 448
437 439
438 440
439 438
413 415
414 416
415 414
461 463
463 464
464 462
461 462
462 463
465 467
467 468
468 466
465 466
466 467
463 465
464 466
465 464
469 471
471 472
472 470
469 470
470 471
467 469
468 470
469 468
473 475
475 476
476 474
473 474
474 475
477 479
479 480
480 478
477 478
478 479
475 477
476 478
477 476
481 483
483 484
484 482
481 482
482 483
479 481
480 482
481 480
471 473
472 474
473 472
485 486
487 489
489 490
490 488
487 488
488 489
485 487
486 488
487 486
491 493
493 494
494 492
491 492
492 493
489 491
490 492
491 490
495 497
497 498
498 496
495 496
496 497
499 501
501 502
502 500
499 500
500 501
497 499
498 500
499 498
503 505
505 506
506 504
503 504
504 505
501 503
502 504
503 502
493 495
494 496
495 494
483 485
484 486
485 484
507 509
509 510
510 508
507 508
508 509
511 513
513 514
514 512
511 512
512 513
509 511
510 512
511 510
515 517
517 518
518 516
515 516
516 517
513 515
514 516
515 514
519 521
521 522
522 520
519 520
520 521
523 525
525 526
526 524
523 524
524 525
521 523
522 524
523 522
527 529
529 530
530 528
527 528
528 529
525 527
526 528
527 526
517 519
518 520
519 518
531 532
533 535
535 536
536 534
533 534
534 535
531 533
532 534
533 532
537 539
539 540
540 538
537 538
538 539
535 537
536 538
537 536
541 543
543 544
544 542
541 542
542 543
545 547
547 548
548 546
545 546
546 547
543 545
544 546
545 544
549 551
551 552
552 550
549 550
550 551
547 549
548 550
549 548
539 541
540 542
541 540
529 531
530 532
531 530
505 507
506 508
507 506
459 461
460 462
461 460
553 555
555 556
556 554
553 554
554 555
557 559
559 560
560 558
557 558
558 559
555 557
556 558
557 556
561 563
563 564
564 562
561 562
562 563
559 561
560 562
561 560
565 567
567 568
568 566
565 566
566 567
569 571
571 572
572 570
569 570
570 571
567 569
568 570
569 568
573 575
575 576
576 574
573 574
574 575
571 573
572 574
573 572
563 565
564 566
565 564
577 578
579 581
581 582
582 580
579 580
580 581
577 579
578 580
579 578
583 585
585 586
586 584
583 584
584 585
581 583
582 584
583 582
587 589
589 590
590 588
587 588
588 589
591 593
593 594
594 592
591 592
592 593
589 591
590 592
591 590
595 597
597 598
598 596
595 596
596 597
593 595
594 596
595 594
585 587
586 588
587 586
575 577
576 578
577 576
599 601
601 602
602 600
599 600
600 601
603 605
605 606
606 604
603 604
604 605
601 603
602 604
603 602
607 609
609 610
610 608
607 608
608 609
605 607
606 608
607 606
611 613
613 614
614 612
611 612
612 613
615 617
617 618
618 616
615 616
616 617
613 615
614 616
615 614
619 621
621 622
622 620
619 620
620 621
617 619
618 620
619 618
609 611
610 612
611 610
623 624
625 627
627 628
628 626
625 626
626 627
623 625
624 626
625 624
629 631
631 632
632 630
629 630
630 631
627 629
628 630
629 628
633 635
635 636
636 634
633 634
634 635
637 639
639 640
640 638
637 638
638 639
635 637
636 638
637 636
641 643
643 644
644 642
641 642
642 643
639 641
640 642
641 640
631 633
632 634
633 632
621 623
622 624
623 622
597 599
598 600
599 598
645 647
647 648
648 646
645 646
646 647
649 651
651 652
652 650
649 650
650 651
647 649
648 650
649 648
653 655
655 656
656 654
653 654
654 655
651 653
652 654
653 652
657 659
659 660
660 658
657 658
658 659
661 663
663 664
664 662
661 662
662 663
659 661
660 662
661 660
665 667
667 668
668 666
665 666
666 667
663 665
664 666
665 664
655 657
656 658
657 656
669 670
671 673
673 674
674 672
671 672
672 673
669 671
670 672
671 670
675 677
677 678
678 676
675 676
676 677
673 675
674 676
675 674
679 681
681 682
682 680
679 680
680 681
683 685
685 686
686 684
683 684
684 685
681 683
682 684
683 682
687 689
689 690
690 688
687 688
688 689
685 687
686 688
687 686
677 679
678 680
679 678
667 669
668 670
669 668
691 693
693 694
694 692
691 692
692 693
695 697
697 698
698 696
695 696
696 697
693 695
694 696
695 694
699 701
701 702
702 700
699 700
700 701
697 699
698 700
699 698
703 705
705 706
706 704
703 704
704 705
707 709
709 710
710 708
707 708
708 709
705 707
706 708
707 706
711 713
713 714
714 712
711 712
712 713
709 711
710 712
711 710
701 703
702 704
703 702
715 716
717 719
719 720
720 718
717 718
718 719
715 717
716 718
717 716
721 723
723 724
724 722
721 722
722 723
719 721
720 722
721 720
725 727
727 728
728 726
725 726
726 727
729 731
731 732
732 730
729 730
730 731
727 729
728 730
729 728
733 735
735 736
736 734
733 734
734 735
731 733
732 734
733 732
723 725
724 726
725 724
713 715
714 716
715 714
689 691
690 692
691 690
643 645
644 646
645 644
551 553
552 554
553 552
367 369
368 370
369 368
737 739
739 740
740 738
737 738
738 739
741 743
743 744
744 742
741 742
742 743
739 741
740 742
741 740
745 747
747 748
748 746
745 746
746 747
743 745
744 746
745 744
749 751
751 752
752 750
749 750
750 751
753 755
755 756
756 754
753 754
754 755
751 753
752 754
753 752
757 759
759 760
760 758
757 758
758 759
755 757
756 758
757 756
747 749
748 750
749 748
761 762
763 765
765 766
766 764
763 764
764 765
761 763
762 764
763 762
767 769
769 770
770 768
767 768
768 769
765 767
766 768
767 766
771 773
773 774
774 772
771 772
772 773
775 777
777 778
778 776
775 776
776 777
773 775
774 776
775 774
779 781
781 782
782 780
779 780
780 781
777 779
778 780
779 778
769 771
770 772
771 770
759 761
760 762
761 760
783 785
785 786
786 784
783 784
784 785
787 789
789 790
790 788
787 788
788 789
785 787
786 788
787 786
791 793
793 794
794 792
791 792
792 793
789 791
790 792
791 790
795 797
797 798
798 796
795 796
796 797
799 801
801 802
802 800
799 800
800 801
797 799
798 800
799 798
803 805
805 806
806 804
803 804
804 805
801 803
802 804
803 802
793 795
794 796
795 794
807 808
809 811
811 812
812 810
809 810
810 811
807 809
808 810
809 808
813 815
815 816
816 814
813 814
814 815
811 813
812 814
813 812
817 819
819 820
820 818
817 818
818 819
821 823
823 824
824 822
821 822
822 823
819 821
820 822
821 820
825 827
827 828
828 826
825 826
826 827
823 825
824 826
825 824
815 817
816 818
817 816
805 807
806 808
807 806
781 783
782 784
783 782
829 831
831 832
832 830
829 830
830 831
833 835
835 836
836 834
833 834
834 835
831 833
832 834
833 832
837 839
839 840
840 838
837 838
838 839
835 837
836 838
837 836
841 843
843 844
844 842
841 842
842 843
845 847
847 848
848 846
845 846
846 847
843 845
844 846
845 844
849 851
851 852
852 850
849 850
850 851
847 849
848 850
849 848
839 841
840 842
841 840
853 854
855 857
857 858
858 856
855 856
856 857
853 855
854 856
855 854
859 861
861 862
862 860
859 860
860 861
857 859
858 860
859 858
863 865
865 866
866 864
863 864
864 865
867 869
869 870
870 868
867 868
868 869
865 867
866 868
867 866
871 873
873 874
874 872
871 872
872 873
869 871
870 872
871 870
861 863
862 864
863 862
851 853
852 854
853 852
875 877
877 878
878 876
875 876
876 877
879 881
881 882
882 880
879 880
880 881
877 879
878 880
879 878
883 885
885 886
886 884
883 884
884 885
881 883
882 884
883 882
887 889
889 890
890 888
887 888
888 889
891 893
893 894
894 892
891 892
892 893
889 891
890 892
891 890
895 897
897 898
898 896
895 896
896 897
893 895
894 896
895 894
885 887
886 888
887 886
899 900
901 903
903 904
904 902
901 902
902 903
899 901
900 902
901 900
905 907
907 908
908 906
905 906
906 907
903 905
904 906
905 904
909 911
911 912
912 910
909 910
910 911
913 915
915 916
916 914
913 914
914 915
911 913
912 914
913 912
917 919
919 920
920 918
917 918
918 919
915 917
916 918
917 916
907 909
908 910
909 908
897 899
898 900
899 898
873 875
874 876
875 874
827 829
828 830
829 828
921 923
923 924
924 922
921 922
922 923
925 927
927 928
928 926
925 926
926 927
923 925
924 926
925 924
929 931
931 932
932 930
929 930
930 931
927 929
928 930
929 928
933 935
935 936
936 934
933 934
934 935
937 939
939 940
940 938
937 938
938 939
935 937
936 938
937 936
941 943
943 944
944 942
941 942
942 943
939 941
940 942
941 940
931 933
932 934
933 932
945 946
947 949
949 950
950 948
947 948
948 949
945 947
946 948
947 946
951 953
953 954
954 952
951 952
952 953
949 951
950 952
951 950
955 957
957 958
958 956
955 956
956 957
959 961
961 962
962 960
959 960
960 961
957 959
958 960
959 958
963 965
965 966
966 964
963 964
964 965
961 963
962 964
963 962
953 955
954 956
955 954
943 945
944 946
945 944
967 969
969 970
970 968
967 968
968 969
971 973
973 974
974 972
971 972
972 973
969 971
970 972
971 970
975 977
977 978
978 976
975 976
976 977
973 975
974 976
975 974
979 981
981 982
982 980
979 980
980 981
983 985
985 986
986 984
983 984
984 985
981 983
982 984
983 982
987 989
989 990
990 988
987 988
988 989
985 987
986 988
987 986
977 979
978 980
979 978
991 992
993 995
995 996
996 994
993 994
994 995
991 993
992 994
993 992
997 999
999 1000
1000 998
997 998
998 999
995 997
996 998
997 996
1001 1003
1003 1004
1004 1002
1001 1002
1002 1003
1005 1007
1007 1008
1008 1006
1005 1006
1006 1007
1003 1005
1004 1006
1005 1004
1009 1011
1011 1012
1012 1010
1009 1010
1010 1011
1007 1009
1008 1010
1009 1008
999 1001
1000 1002
1001 1000
989 991
990 992
991 990
965 967
966 968
967 966
1013 1015
1015 1016
1016 1014
1013 1014
1014 1015
1017 1019
1019 1020
1020 1018
1017 1018
1018 1019
1015 1017
1016 1018
1017 1016
1021 1023
1023 1024
1024 1022
1021 1022
1022 1023
1019 1021
1020 1022
1021 1020
1025 1027
1027 1028
1028 1026
1025 1026
1026 1027
1029 1031
1031 1032
1032 1030
1029 1030
1030 1031
1027 1029
1028 1030
1029 1028
1033 1035
1035 1036
1036 1034
1033 1034
1034 1035
1031 1033
1032 1034
1033 1032
1023 1025
1024 1026
1025 1024
1037 1038
1039 1041
1041 1042
1042 1040
1039 1040
1040 1041
1037 1039
1038 1040
1039 1038
1043 1045
1045 1046
1046 1044
1043 1044
1044 1045
1041 1043
1042 1044
1043 1042
1047 1049
1049 1050
1050 1048
1047 1048
1048 1049
1051 1053
1053 1054
1054 1052
1051 1052
1052 1053
1049 1051
1050 1052
1051 1050
1055 1057
1057 1058
1058 1056
1055 1056
1056 1057
1053 1055
1054 1056
1055 1054
1045 1047
1046 1048
1047 1046
1035 1037
1036 1038
1037 1036
1059 1061
1061 1062
1062 1060
1059 1060
1060 1061
1063 1065
1065 1066
1066 1064
1063 1064
1064 1065
1061 1063
1062 1064
1063 1062
1067 1069
1069 1070
1070 1068
1067 1068
1068 1069
1065 1067
1066 1068
1067 1066
1071 1073
1073 1074
1074 1072
1071 1072
1072 1073
1075 1077
1077 1078
1078 1076
1075 1076
1076 1077
1073 1075
1074 1076
1075 1074
1079 1081
1081 1082
1082 1080
1079 1080
1080 1081
1077 1079
1078 1080
1079 1078
1069 1071
1070 1072
1071 1070
1083 1084
1085 1087
1087 1088
1088 1086
1085 1086
1086 1087
1083 1085
1084 1086
1085 1084
1089 1091
1091 1092
1092 1090
1089 1090
1090 1091
1087 1089
1088 1090
1089 1088
1093 1095
1095 1096
1096 1094
1093 1094
1094 1095
1097 1099
1099 1100
1100 1098
1097 1098
1098 1099
1095 1097
1096 1098
1097 1096
1101 1103
1103 1104
1104 1102
1101 1102
1102 1103
1099 1101
1100 1102
1101 1100
1091 1093
1092 1094
1093 1092
1081 1083
1082 1084
1083 1082
1057 1059
1058 1060
1059 1058
1011 1013
1012 1014
1013 1012
919 921
920 922
921 920
1105 1107
1107 1108
1108 1106
1105 1106
1106 1107
1109 1111
1111 1112
1112 1110
1109 1110
1110 1111
1107 1109
1108 1110
1109 1108
1113 1115
1115 1116
1116 1114
1113 1114
1114 1115
1111 1113
1112 1114
1113 1112
1117 1119
1119 1120
1120 1118
1117 1118
1118 1119
1121 1123
1123 1124
1124 1122
1121 1122
1122 1123
1119 1121
1120 1122
1121 1120
1125 1127
1127 1128
1128 1126
1125 1126
1126 1127
1123 1125
1124 1126
1125 1124
1115 1117
1116 1118
1117 1116
1129 1130
1131 1133
1133 1134
1134 1132
1131 1132
1132 1133
1129 1131
1130 1132
1131 1130
1135 1137
1137 1138
1138 1136
1135 1136
1136 1137
1133 1135
1134 1136
1135 1134
1139 1141
1141 1142
1142 1140
1139 1140
1140 1141
1143 1145
1145 1146
1146 1144
1143 1144
1144 1145
1141 1143
1142 1144
1143 1142
1147 1149
1149 1150
1150 1148
1147 1148
1148 1149
1145 1147
1146 1148
1147 1146
1137 1139
1138 1140
1139 1138
1127 1129
1128 1130
1129 1128
1151 1153
1153 1154
1154 1152
1151 1152
1152 1153
1155 1157
1157 1158
1158 1156
1155 1156
1156 1157
1153 1155
1154 1156
1155 1154
1159 1161
1161 1162
1162 1160
1159 1160
1160 1161
1157 1159
1158 1160
1159 1158
1163 1165
1165 1166
1166 1164
1163 1164
1164 1165
1167 1169
1169 1170
1170 1168
1167 1168
1168 1169
1165 1167
1166 1168
1167 1166
1171 1173
1173 1174
1174 1172
1171 1172
1172 1173
1169 1171
1170 1172
1171 1170
1161 1163
1162 1164
1163 1162
1175 1176
1177 1179
1179 1180
1180 1178
1177 1178
1178 1179
1175 1177
1176 1178
1177 1176
1181 1183
1183 1184
1184 1182
1181 1182
1182 1183
1179 1181
1180 1182
1181 1180
1185 1187
1187 1188
1188 1186
1185 1186
1186 1187
1189 1191
1191 1192
1192 1190
1189 1190
1190 1191
1187 1189
1188 1190
1189 1188
1193 1195
1195 1196
1196 1194
1193 1194
1194 1195
1191 1193
1192 1194
1193 1192
1183 1185
1184 1186
1185 1184
1173 1175
1174 1176
1175 1174
1149 1151
1150 1152
1151 1150
1197 1199
1199 1200
1200 1198
1197 1198
1198 1199
1201 1203
1203 1204
1204 1202
1201 1202
1202 1203
1199 1201
1200 1202
1201 1200
1205 1207
1207 1208
1208 1206
1205 1206
1206 1207
1203 1205
1204 1206
1205 1204
1209 1211
1211 1212
1212 1210
1209 1210
1210 1211
1213 1215
1215 1216
1216 1214
1213 1214
1214 1215
1211 1213
1212 1214
1213 1212
1217 1219
1219 1220
1220 1218
1217 1218
1218 1219
1215 1217
1216 1218
1217 1216
1207 1209
1208 1210
1209 1208
1221 1222
1223 1225
1225 1226
1226 1224
1223 1224
1224 1225
1221 1223
1222 1224
1223 1222
1227 1229
1229 1230
1230 1228
1227 1228
1228 1229
1225 1227
1226 1228
1227 1226
1231 1233
1233 1234
1234 1232
1231 1232
1232 1233
1235 1237
1237 1238
1238 1236
1235 1236
1236 1237
1233 1235
1234 1236
1235 1234
1239 1241
1241 1242
1242 1240
1239 1240
1240 1241
1237 1239
1238 1240
1239 1238
1229 1231
1230 1232
1231 1230
1219 1221
1220 1222
1221 1220
1243 1245
1245 1246
1246 1244
1243 1244
1244 1245
1247 1249
1249 1250
1250 1248
1247 1248
1248 1249
1245 1247
1246 1248
1247 1246
1251 1253
1253 1254
1254 1252
1251 1252
1252 1253
1249 1251
1250 1252
1251 1250
1255 1257
1257 1258
1258 1256
1255 1256
1256 1257
1259 1261
1261 1262
1262 1260
1259 1260
1260 1261
1257 1259
1258 1260
1259 1258
1263 1265
1265 1266
1266 1264
1263 1264
1264 1265
1261 1263
1262 1264
1263 1262
1253 1255
1254 1256
1255 1254
1267 1268
1269 1271
1271 1272
1272 1270
1269 1270
1270 1271
1267 1269
1268 1270
1269 1268
1273 1275
1275 1276
1276 1274
1273 1274
1274 1275
1271 1273
1272 1274
1273 1272
1277 1279
1279 1280
1280 1278
1277 1278
1278 1279
1281 1283
1283 1284
1284 1282
1281 1282
1282 1283
1279 1281
1280 1282
1281 1280
1285 1287
1287 1288
1288 1286
1285 1286
1286 1287
1283 1285
1284 1286
1285 1284
1275 1277
1276 1278
1277 1276
1265 1267
1266 1268
1267 1266
1241 1243
1242 1244
1243 1242
1195 1197
1196 1198
1197 1196
1289 1291
1291 1292
1292 1290
1289 1290
1290 1291
1293 1295
1295 1296
1296 1294
1293 1294
1294 1295
1291 1293
1292 1294
1293 1292
1297 1299
1299 1300
1300 1298
1297 1298
1298 1299
1295 1297
1296 1298
1297 1296
1301 1303
1303 1304
1304 1302
1301 1302
1302 1303
1305 1307
1307 1308
1308 1306
1305 1306
1306 1307
1303 1305
1304 1306
1305 1304
1309 1311
1311 1312
1312 1310
1309 1310
1310 1311
1307 1309
1308 1310
1309 1308
1299 1301
1300 1302
1301 1300
1313 1314
1315 1317
1317 1318
1318 1316
1315 1316
1316 1317
1313 1315
1314 1316
1315 1314
1319 1321
1321 1322
1322 1320
1319 1320
1320 1321
1317 1319
1318 1320
1319 1318
1323 1325
1325 1326
1326 1324
1323 1324
1324 1325
1327 1329
1329 1330
1330 1328
1327 1328
1328 1329
1325 1327
1326 1328
1327 1326
1331 1333
1333 1334
1334 1332
1331 1332
1332 1333
1329 1331
1330 1332
1331 1330
1321 1323
1322 1324
1323 1322
1311 1313
1312 1314
1313 1312
1335 1337
1337 1338
1338 1336
1335 1336
1336 1337
1339 1341
1341 1342
1342 1340
1339 1340
1340 1341
1337 1339
1338 1340
1339 1338
1343 1345
1345 1346
1346 1344
1343 1344
1344 1345
1341 1343
1342 1344
1343 1342
1347 1349
1349 1350
1350 1348
1347 1348
1348 1349
1351 1353
1353 1354
1354 1352
1351 1352
1352 1353
1349 1351
1350 1352
1351 1350
1355 1357
1357 1358
1358 1356
1355 1356
1356 1357
1353 1355
1354 1356
1355 1354
1345 1347
1346 1348
1347 1346
1359 1360
1361 1363
1363 1364
1364 1362
1361 1362
1362 1363
1359 1361
1360 1362
1361 1360
1365 1367
1367 1368
1368 1366
1365 1366
1366 1367
1363 1365
1364 1366
1365 1364
1369 1371
1371 1372
1372 1370
1369 1370
1370 1371
1373 1375
1375 1376
1376 1374
1373 1374
1374 1375
1371 1373
1372 1374
1373 1372
1377 1379
1379 1380
1380 1378
1377 1378
1378 1379
1375 1377
1376 1378
1377 1376
1367 1369
1368 1370
1369 1368
1357 1359
1358 1360
1359 1358
1333 1335
1334 1336
1335 1334
1381 1383
1383 1384
1384 1382
1381 1382
1382 1383
1385 1387
1387 1388
1388 1386
1385 1386
1386 1387
1383 1385
1384 1386
1385 1384
1389 1391
1391 1392
1392 1390
1389 1390
1390 1391
1387 1389
1388 1390
1389 1388
1393 1395
1395 1396
1396 1394
1393 1394
1394 1395
1397 1399
1399 1400
1400 1398
1397 1398
1398 1399
1395 1397
1396 1398
1397 1396
1401 1403
1403 1404
1404 1402
1401 1402
1402 1403
1399 1401
1400 1402
1401 1400
1391 1393
1392 1394
1393 1392
1405 1406
1407 1409
1409 1410
1410 1408
1407 1408
1408 1409
1405 1407
1406 1408
1407 1406
1411 1413
1413 1414
1414 1412
1411 1412
1412 1413
1409 1411
1410 1412
1411 1410
1415 1417
1417 1418
1418 1416
1415 1416
1416 1417
1419 1421
1421 1422
1422 1420
1419 1420
1420 1421
1417 1419
1418 1420
1419 1418
1423 1425
1425 1426
1426 1424
1423 1424
1424 1425
1421 1423
1422 1424
1423 1422
1413 1415
1414 1416
1415 1414
1403 1405
1404 1406
1405 1404
1427 1429
1429 1430
1430 1428
1427 1428
1428 1429
1431 1433
1433 1434
1434 1432
1431 1432
1432 1433
1429 1431
1430 1432
1431 1430
1435 1437
1437 1438
1438 1436
1435 1436
1436 1437
1433 1435
1434 1436
1435 1434
1439 1441
1441 1442
1442 1440
1439 1440
1440 1441
1443 1445
1445 1446
1446 1444
1443 1444
1444 1445
1441 1443
1442 1444
1443 1442
1447 1449
1449 1450
1450 1448
1447 1448
1448 1449
1445 1447
1446 1448
1447 1446
1437 1439
1438 1440
1439 1438
1451 1452
1453 1455
1455 1456
1456 1454
1453 1454
1454 1455
1451 1453
1452 1454
1453 1452
1457 1459
1459 1460
1460 1458
1457 1458
1458 1459
1455 1457
1456 1458
1457 1456
1461 1463
1463 1464
1464 1462
1461 1462
1462 1463
1465 1467
1467 1468
1468 1466
1465 1466
1466 1467
1463 1465
1464 1466
1465 1464
1469 1471
1471 1472
1472 1470
1469 1470
1470 1471
1467 1469
1468 1470
1469 1468
1459 1461
1460 1462
1461 1460
1449 1451
1450 1452
1451 1450
1425 1427
1426 1428
1427 1426
1379 1381
1380 1382
1381 1380
1287 1289
1288 1290
1289 1288
1103 1105
1104 1106
1105 1104
735 737
736 738
737 736
