1 2
2 4
4 3
3 1
1 4
2 3
5 6
6 8
8 7
7 5
5 8
6 7
9 10
10 12
12 11
11 9
9 12
10 11
13 14
14 16
16 15
15 13
13 16
14 15
2 9
4 13
6 11
3 5
8 15
12 14
17 18
18 20
20 19
19 17
17 20
18 19
21 22
22 24
24 23
23 21
21 24
22 23
25 26
26 28
28 27
27 25
25 28
26 27
29 30
30 32
32 31
31 29
29 32
30 31
18 25
20 29
22 27
19 21
24 31
28 30
7 17
33 34
34 36
36 35
35 33
33 36
34 35
37 38
38 40
40 39
39 37
37 40
38 39
41 42
42 44
44 43
43 41
41 44
42 43
45 46
46 48
48 47
47 45
45 48
46 47
34 41
36 45
38 43
35 37
40 47
44 46
39 26
49 50
50 52
52 51
51 49
49 52
50 51
53 54
54 56
56 55
55 53
53 56
54 55
57 58
58 60
60 59
59 57
57 60
58 59
61 62
62 64
64 63
63 61
61 64
62 63
50 57
52 61
54 59
51 53
56 63
60 62
16 49
10 33
32 55
65 66
66 68
68 67
67 65
65 68
66 67
69 70
70 72
72 71
71 69
69 72
70 71
73 74
74 76
76 75
75 73
73 76
74 75
77 78
78 80
80 79
79 77
77 80
78 79
66 73
68 77
70 75
67 69
72 79
76 78
81 82
82 84
84 83
83 81
81 84
82 83
85 86
86 88
88 87
87 85
85 88
86 87
89 90
90 92
92 91
91 89
89 92
90 91
93 94
94 96
96 95
95 93
93 96
94 95
82 89
84 93
86 91
83 85
88 95
92 94
97 98
98 100
100 99
99 97
97 100
98 99
101 102
102 104
104 103
103 101
101 104
102 103
105 106
106 108
108 107
107 105
105 108
106 107
109 110
110 112
112 111
111 109
109 112
110 111
98 105
100 109
102 107
99 101
104 111
108 110
103 90
113 114
114 116
116 115
115 113
113 116
114 115
117 118
118 120
120 119
119 117
117 120
118 119
121 122
122 124
124 123
123 121
121 124
122 123
125 126
126 128
128 127
127 125
125 128
126 127
114 121
116 125
118 123
115 117
120 127
124 126
80 113
74 97
96 119
48 81
71 58
42 65
64 87
129 130
130 132
132 131
131 129
129 132
130 131
133 134
134 136
136 135
135 133
133 136
134 135
137 138
138 140
140 139
139 137
137 140
138 139
141 142
142 144
144 143
143 141
141 144
142 143
130 137
132 141
134 139
131 133
136 143
140 142
145 146
146 148
148 147
147 145
145 148
146 147
149 150
150 152
152 151
151 149
149 152
150 151
153 154
154 156
156 155
155 153
153 156
154 155
157 158
158 160
160 159
159 157
157 160
158 159
146 153
148 157
150 155
147 149
152 159
156 158
135 145
161 162
162 164
164 163
163 161
161 164
162 163
165 166
166 168
168 167
167 165
165 168
166 167
169 170
170 172
172 171
171 169
169 172
170 171
173 174
174 176
176 175
175 173
173 176
174 175
162 169
164 173
166 171
163 165
168 175
172 174
167 154
177 178
178 180
180 179
179 177
177 180
178 179
181 182
182 184
184 183
183 181
181 184
182 183
185 186
186 188
188 187
187 185
185 188
186 187
189 190
190 192
192 191
191 189
189 192
190 191
178 185
180 189
182 187
179 181
184 191
188 190
144 177
138 161
160 183
23 129
32 161
56 162
64 170
138 24
193 194
194 196
196 195
195 193
193 196
194 195
197 198
198 200
200 199
199 197
197 200
198 199
201 202
202 204
204 203
203 201
201 204
202 203
205 206
206 208
208 207
207 205
205 208
206 207
194 201
196 205
198 203
195 197
200 207
204 206
209 210
210 212
212 211
211 209
209 212
210 211
213 214
214 216
216 215
215 213
213 216
214 215
217 218
218 220
220 219
219 217
217 220
218 219
221 222
222 224
224 223
223 221
221 224
222 223
210 217
212 221
214 219
211 213
216 223
220 222
199 209
225 226
226 228
228 227
227 225
225 228
226 227
229 230
230 232
232 231
231 229
229 232
230 231
233 234
234 236
236 235
235 233
233 236
234 235
237 238
238 240
240 239
239 237
237 240
238 239
226 233
228 237
230 235
227 229
232 239
236 238
231 218
241 242
242 244
244 243
243 241
241 244
242 243
245 246
246 248
248 247
247 245
245 248
246 247
249 250
250 252
252 251
251 249
249 252
250 251
253 254
254 256
256 255
255 253
253 256
254 255
242 249
244 253
246 251
243 245
248 255
252 254
208 241
202 225
224 247
88 194
128 234
120 226
257 258
258 260
260 259
259 257
257 260
258 259
261 262
262 264
264 263
263 261
261 264
262 263
265 266
266 268
268 267
267 265
265 268
266 267
269 270
270 272
272 271
271 269
269 272
270 271
258 265
260 269
262 267
259 261
264 271
268 270
273 274
274 276
276 275
275 273
273 276
274 275
277 278
278 280
280 279
279 277
277 280
278 279
281 282
282 284
284 283
283 281
281 284
282 283
285 286
286 288
288 287
287 285
285 288
286 287
274 281
276 285
278 283
275 277
280 287
284 286
263 273
289 290
290 292
292 291
291 289
289 292
290 291
293 294
294 296
296 295
295 293
293 296
294 295
297 298
298 300
300 299
299 297
297 300
298 299
301 302
302 304
304 303
303 301
301 304
302 303
290 297
292 301
294 299
291 293
296 303
300 302
295 282
305 306
306 308
308 307
307 305
305 308
306 307
309 310
310 312
312 311
311 309
309 312
310 311
313 314
314 316
316 315
315 313
313 316
314 315
317 318
318 320
320 319
319 317
317 320
318 319
306 313
308 317
310 315
307 309
312 319
316 318
272 305
266 289
288 311
321 322
322 324
324 323
323 321
321 324
322 323
325 326
326 328
328 327
327 325
325 328
326 327
329 330
330 332
332 331
331 329
329 332
330 331
333 334
334 336
336 335
335 333
333 336
334 335
322 329
324 333
326 331
323 325
328 335
332 334
337 338
338 340
340 339
339 337
337 340
338 339
341 342
342 344
344 343
343 341
341 344
342 343
345 346
346 348
348 347
347 345
345 348
346 347
349 350
350 352
352 351
351 349
349 352
350 351
338 345
340 349
342 347
339 341
344 351
348 350
353 354
354 356
356 355
355 353
353 356
354 355
357 358
358 360
360 359
359 357
357 360
358 359
361 362
362 364
364 363
363 361
361 364
362 363
365 366
366 368
368 367
367 365
365 368
366 367
354 361
356 365
358 363
355 357
360 367
364 366
359 346
369 370
370 372
372 371
371 369
369 372
370 371
373 374
374 376
376 375
375 373
373 376
374 375
377 378
378 380
380 379
379 377
377 380
378 379
381 382
382 384
384 383
383 381
381 384
382 383
370 377
372 381
374 379
371 373
376 383
380 382
336 369
330 353
352 375
304 337
327 314
298 321
320 343
385 386
386 388
388 387
387 385
385 388
386 387
389 390
390 392
392 391
391 389
389 392
390 391
393 394
394 396
396 395
395 393
393 396
394 395
397 398
398 400
400 399
399 397
397 400
398 399
386 393
388 397
390 395
387 389
392 399
396 398
401 402
402 404
404 403
403 401
401 404
402 403
405 406
406 408
408 407
407 405
405 408
406 407
409 410
410 412
412 411
411 409
409 412
410 411
413 414
414 416
416 415
415 413
413 416
414 415
402 409
404 413
406 411
403 405
408 415
412 414
391 401
417 418
418 420
420 419
419 417
417 420
418 419
421 422
422 424
424 423
423 421
421 424
422 423
425 426
426 428
428 427
427 425
425 428
426 427
429 430
430 432
432 431
431 429
429 432
430 431
418 425
420 429
422 427
419 421
424 431
428 430
423 410
433 434
434 436
436 435
435 433
433 436
434 435
437 438
438 440
440 439
439 437
437 440
438 439
441 442
442 444
444 443
443 441
441 444
442 443
445 446
446 448
448 447
447 445
445 448
446 447
434 441
436 445
438 443
435 437
440 447
444 446
400 433
394 417
416 439
279 385
288 417
312 418
320 426
394 280
449 450
450 452
452 451
451 449
449 452
450 451
453 454
454 456
456 455
455 453
453 456
454 455
457 458
458 460
460 459
459 457
457 460
458 459
461 462
462 464
464 463
463 461
461 464
462 463
450 457
452 461
454 459
451 453
456 463
460 462
465 466
466 468
468 467
467 465
465 468
466 467
469 470
470 472
472 471
471 469
469 472
470 471
473 474
474 476
476 475
475 473
473 476
474 475
477 478
478 480
480 479
479 477
477 480
478 479
466 473
468 477
470 475
467 469
472 479
476 478
455 465
481 482
482 484
484 483
483 481
481 484
482 483
485 486
486 488
488 487
487 485
485 488
486 487
489 490
490 492
492 491
491 489
489 492
490 491
493 494
494 496
496 495
495 493
493 496
494 495
482 489
484 493
486 491
483 485
488 495
492 494
487 474
497 498
498 500
500 499
499 497
497 500
498 499
501 502
502 504
504 503
503 501
501 504
502 503
505 506
506 508
508 507
507 505
505 508
506 507
509 510
510 512
512 511
511 509
509 512
510 511
498 505
500 509
502 507
499 501
504 511
508 510
464 497
458 481
480 503
344 450
384 490
376 482
407 1
415 9
439 33
447 41
471 65
480 74
504 98
512 106
513 514
514 516
516 515
515 513
513 516
514 515
517 518
518 520
520 519
519 517
517 520
518 519
521 522
522 524
524 523
523 521
521 524
522 523
525 526
526 528
528 527
527 525
525 528
526 527
514 521
516 525
518 523
515 517
520 527
524 526
529 530
530 532
532 531
531 529
529 532
530 531
533 534
534 536
536 535
535 533
533 536
534 535
537 538
538 540
540 539
539 537
537 540
538 539
541 542
542 544
544 543
543 541
541 544
542 543
530 537
532 541
534 539
531 533
536 543
540 542
519 529
545 546
546 548
548 547
547 545
545 548
546 547
549 550
550 552
552 551
551 549
549 552
550 551
553 554
554 556
556 555
555 553
553 556
554 555
557 558
558 560
560 559
559 557
557 560
558 559
546 553
548 557
550 555
547 549
552 559
556 558
551 538
561 562
562 564
564 563
563 561
561 564
562 563
565 566
566 568
568 567
567 565
565 568
566 567
569 570
570 572
572 571
571 569
569 572
570 571
573 574
574 576
576 575
575 573
573 576
574 575
562 569
564 573
566 571
563 565
568 575
572 574
528 561
522 545
544 567
577 578
578 580
580 579
579 577
577 580
578 579
581 582
582 584
584 583
583 581
581 584
582 583
585 586
586 588
588 587
587 585
585 588
586 587
589 590
590 592
592 591
591 589
589 592
590 591
578 585
580 589
582 587
579 581
584 591
588 590
593 594
594 596
596 595
595 593
593 596
594 595
597 598
598 600
600 599
599 597
597 600
598 599
601 602
602 604
604 603
603 601
601 604
602 603
605 606
606 608
608 607
607 605
605 608
606 607
594 601
596 605
598 603
595 597
600 607
604 606
609 610
610 612
612 611
611 609
609 612
610 611
613 614
614 616
616 615
615 613
613 616
614 615
617 618
618 620
620 619
619 617
617 620
618 619
621 622
622 624
624 623
623 621
621 624
622 623
610 617
612 621
614 619
611 613
616 623
620 622
615 602
625 626
626 628
628 627
627 625
625 628
626 627
629 630
630 632
632 631
631 629
629 632
630 631
633 634
634 636
636 635
635 633
633 636
634 635
637 638
638 640
640 639
639 637
637 640
638 639
626 633
628 637
630 635
627 629
632 639
636 638
592 625
586 609
608 631
560 593
583 570
554 577
576 599
641 642
642 644
644 643
643 641
641 644
642 643
645 646
646 648
648 647
647 645
645 648
646 647
649 650
650 652
652 651
651 649
649 652
650 651
653 654
654 656
656 655
655 653
653 656
654 655
642 649
644 653
646 651
643 645
648 655
652 654
657 658
658 660
660 659
659 657
657 660
658 659
661 662
662 664
664 663
663 661
661 664
662 663
665 666
666 668
668 667
667 665
665 668
666 667
669 670
670 672
672 671
671 669
669 672
670 671
658 665
660 669
662 667
659 661
664 671
668 670
647 657
673 674
674 676
676 675
675 673
673 676
674 675
677 678
678 680
680 679
679 677
677 680
678 679
681 682
682 684
684 683
683 681
681 684
682 683
685 686
686 688
688 687
687 685
685 688
686 687
674 681
676 685
678 683
675 677
680 687
684 686
679 666
689 690
690 692
692 691
691 689
689 692
690 691
693 694
694 696
696 695
695 693
693 696
694 695
697 698
698 700
700 699
699 697
697 700
698 699
701 702
702 704
704 703
703 701
701 704
702 703
690 697
692 701
694 699
691 693
696 703
700 702
656 689
650 673
672 695
535 641
544 673
568 674
576 682
650 536
705 706
706 708
708 707
707 705
705 708
706 707
709 710
710 712
712 711
711 709
709 712
710 711
713 714
714 716
716 715
715 713
713 716
714 715
717 718
718 720
720 719
719 717
717 720
718 719
706 713
708 717
710 715
707 709
712 719
716 718
721 722
722 724
724 723
723 721
721 724
722 723
725 726
726 728
728 727
727 725
725 728
726 727
729 730
730 732
732 731
731 729
729 732
730 731
733 734
734 736
736 735
735 733
733 736
734 735
722 729
724 733
726 731
723 725
728 735
732 734
711 721
737 738
738 740
740 739
739 737
737 740
738 739
741 742
742 744
744 743
743 741
741 744
742 743
745 746
746 748
748 747
747 745
745 748
746 747
749 750
750 752
752 751
751 749
749 752
750 751
738 745
740 749
742 747
739 741
744 751
748 750
743 730
753 754
754 756
756 755
755 753
753 756
754 755
757 758
758 760
760 759
759 757
757 760
758 759
761 762
762 764
764 763
763 761
761 764
762 763
765 766
766 768
768 767
767 765
765 768
766 767
754 761
756 765
758 763
755 757
760 767
764 766
720 753
714 737
736 759
600 706
640 746
632 738
769 770
770 772
772 771
771 769
769 772
770 771
773 774
774 776
776 775
775 773
773 776
774 775
777 778
778 780
780 779
779 777
777 780
778 779
781 782
782 784
784 783
783 781
781 784
782 783
770 777
772 781
774 779
771 773
776 783
780 782
785 786
786 788
788 787
787 785
785 788
786 787
789 790
790 792
792 791
791 789
789 792
790 791
793 794
794 796
796 795
795 793
793 796
794 795
797 798
798 800
800 799
799 797
797 800
798 799
786 793
788 797
790 795
787 789
792 799
796 798
775 785
801 802
802 804
804 803
803 801
801 804
802 803
805 806
806 808
808 807
807 805
805 808
806 807
809 810
810 812
812 811
811 809
809 812
810 811
813 814
814 816
816 815
815 813
813 816
814 815
802 809
804 813
806 811
803 805
808 815
812 814
807 794
817 818
818 820
820 819
819 817
817 820
818 819
821 822
822 824
824 823
823 821
821 824
822 823
825 826
826 828
828 827
827 825
825 828
826 827
829 830
830 832
832 831
831 829
829 832
830 831
818 825
820 829
822 827
819 821
824 831
828 830
784 817
778 801
800 823
833 834
834 836
836 835
835 833
833 836
834 835
837 838
838 840
840 839
839 837
837 840
838 839
841 842
842 844
844 843
843 841
841 844
842 843
845 846
846 848
848 847
847 845
845 848
846 847
834 841
836 845
838 843
835 837
840 847
844 846
849 850
850 852
852 851
851 849
849 852
850 851
853 854
854 856
856 855
855 853
853 856
854 855
857 858
858 860
860 859
859 857
857 860
858 859
861 862
862 864
864 863
863 861
861 864
862 863
850 857
852 861
854 859
851 853
856 863
860 862
865 866
866 868
868 867
867 865
865 868
866 867
869 870
870 872
872 871
871 869
869 872
870 871
873 874
874 876
876 875
875 873
873 876
874 875
877 878
878 880
880 879
879 877
877 880
878 879
866 873
868 877
870 875
867 869
872 879
876 878
871 858
881 882
882 884
884 883
883 881
881 884
882 883
885 886
886 888
888 887
887 885
885 888
886 887
889 890
890 892
892 891
891 889
889 892
890 891
893 894
894 896
896 895
895 893
893 896
894 895
882 889
884 893
886 891
883 885
888 895
892 894
848 881
842 865
864 887
816 849
839 826
810 833
832 855
897 898
898 900
900 899
899 897
897 900
898 899
901 902
902 904
904 903
903 901
901 904
902 903
905 906
906 908
908 907
907 905
905 908
906 907
909 910
910 912
912 911
911 909
909 912
910 911
898 905
900 909
902 907
899 901
904 911
908 910
913 914
914 916
916 915
915 913
913 916
914 915
917 918
918 920
920 919
919 917
917 920
918 919
921 922
922 924
924 923
923 921
921 924
922 923
925 926
926 928
928 927
927 925
925 928
926 927
914 921
916 925
918 923
915 917
920 927
924 926
903 913
929 930
930 932
932 931
931 929
929 932
930 931
933 934
934 936
936 935
935 933
933 936
934 935
937 938
938 940
940 939
939 937
937 940
938 939
941 942
942 944
944 943
943 941
941 944
942 943
930 937
932 941
934 939
931 933
936 943
940 942
935 922
945 946
946 948
948 947
947 945
945 948
946 947
949 950
950 952
952 951
951 949
949 952
950 951
953 954
954 956
956 955
955 953
953 956
954 955
957 958
958 960
960 959
959 957
957 960
958 959
946 953
948 957
950 955
947 949
952 959
956 958
912 945
906 929
928 951
791 897
800 929
824 930
832 938
906 792
961 962
962 964
964 963
963 961
961 964
962 963
965 966
966 968
968 967
967 965
965 968
966 967
969 970
970 972
972 971
971 969
969 972
970 971
973 974
974 976
976 975
975 973
973 976
974 975
962 969
964 973
966 971
963 965
968 975
972 974
977 978
978 980
980 979
979 977
977 980
978 979
981 982
982 984
984 983
983 981
981 984
982 983
985 986
986 988
988 987
987 985
985 988
986 987
989 990
990 992
992 991
991 989
989 992
990 991
978 985
980 989
982 987
979 981
984 991
988 990
967 977
993 994
994 996
996 995
995 993
993 996
994 995
997 998
998 1000
1000 999
999 997
997 1000
998 999
1001 1002
1002 1004
1004 1003
1003 1001
1001 1004
1002 1003
1005 1006
1006 1008
1008 1007
1007 1005
1005 1008
1006 1007
994 1001
996 1005
998 1003
995 997
1000 1007
1004 1006
999 986
1009 1010
1010 1012
1012 1011
1011 1009
1009 1012
1010 1011
1013 1014
1014 1016
1016 1015
1015 1013
1013 1016
1014 1015
1017 1018
1018 1020
1020 1019
1019 1017
1017 1020
1018 1019
1021 1022
1022 1024
1024 1023
1023 1021
1021 1024
1022 1023
1010 1017
1012 1021
1014 1019
1011 1013
1016 1023
1020 1022
976 1009
970 993
992 1015
856 962
896 1002
888 994
919 513
927 521
951 545
959 553
983 577
992 586
1016 610
1024 618
769 256
773 254
787 252
250 791
899 238
240 901
