1 2
2 4
4 3
3 1
1 4
2 3
5 6
6 8
8 7
7 5
5 8
6 7
9 10
10 12
12 11
11 9
9 12
10 11
13 14
14 16
16 15
15 13
13 16
14 15
4 13
6 11
3 5
12 14
17 18
18 20
20 19
19 17
17 20
18 19
21 22
22 24
24 23
23 21
21 24
22 23
25 26
26 28
28 27
27 25
25 28
26 27
29 30
30 32
32 31
31 29
29 32
30 31
20 29
22 27
19 21
28 30
8 25
15 18
7 17
16 26
33 34
34 36
36 35
35 33
33 36
34 35
37 38
38 40
40 39
39 37
37 40
38 39
41 42
42 44
44 43
43 41
41 44
42 43
45 46
46 48
48 47
47 45
45 48
46 47
36 45
38 43
35 37
44 46
23 33
24 41
31 34
32 42
49 50
50 52
52 51
51 49
49 52
50 51
53 54
54 56
56 55
55 53
53 56
54 55
57 58
58 60
60 59
59 57
57 60
58 59
61 62
62 64
64 63
63 61
61 64
62 63
50 57
52 61
54 59
51 53
60 62
40 57
47 50
39 49
65 66
66 68
68 67
67 65
65 68
66 67
69 70
70 72
72 71
71 69
69 72
70 71
73 74
74 76
76 75
75 73
73 76
74 75
77 78
78 80
80 79
79 77
77 80
78 79
68 77
70 75
67 69
76 78
81 82
82 84
84 83
83 81
81 84
82 83
85 86
86 88
88 87
87 85
85 88
86 87
89 90
90 92
92 91
91 89
89 92
90 91
93 94
94 96
96 95
95 93
93 96
94 95
84 93
86 91
83 85
92 94
72 89
79 82
71 81
80 90
97 98
98 100
100 99
99 97
97 100
98 99
101 102
102 104
104 103
103 101
101 104
102 103
105 106
106 108
108 107
107 105
105 108
106 107
109 110
110 112
112 111
111 109
109 112
110 111
100 109
102 107
99 101
108 110
87 97
88 105
95 98
96 106
113 114
114 116
116 115
115 113
113 116
114 115
117 118
118 120
120 119
119 117
117 120
118 119
121 122
122 124
124 123
123 121
121 124
122 123
125 126
126 128
128 127
127 125
125 128
126 127
114 121
116 125
118 123
115 117
124 126
104 121
111 114
103 113
55 65
56 73
63 66
129 130
130 132
132 131
131 129
129 132
130 131
133 134
134 136
136 135
135 133
133 136
134 135
137 138
138 140
140 139
139 137
137 140
138 139
141 142
142 144
144 143
143 141
141 144
142 143
132 141
134 139
131 133
140 142
145 146
146 148
148 147
147 145
145 148
146 147
149 150
150 152
152 151
151 149
149 152
150 151
153 154
154 156
156 155
155 153
153 156
154 155
157 158
158 160
160 159
159 157
157 160
158 159
148 157
150 155
147 149
156 158
136 153
143 146
135 145
144 154
161 162
162 164
164 163
163 161
161 164
162 163
165 166
166 168
168 167
167 165
165 168
166 167
169 170
170 172
172 171
171 169
169 172
170 171
173 174
174 176
176 175
175 173
173 176
174 175
164 173
166 171
163 165
172 174
151 161
152 169
159 162
160 170
177 178
178 180
180 179
179 177
177 180
178 179
181 182
182 184
184 183
183 181
181 184
182 183
185 186
186 188
188 187
187 185
185 188
186 187
189 190
190 192
192 191
191 189
189 192
190 191
178 185
180 189
182 187
179 181
188 190
168 185
175 178
167 177
193 194
194 196
196 195
195 193
193 196
194 195
197 198
198 200
200 199
199 197
197 200
198 199
201 202
202 204
204 203
203 201
201 204
202 203
205 206
206 208
208 207
207 205
205 208
206 207
196 205
198 203
195 197
204 206
209 210
210 212
212 211
211 209
209 212
210 211
213 214
214 216
216 215
215 213
213 216
214 215
217 218
218 220
220 219
219 217
217 220
218 219
221 222
222 224
224 223
223 221
221 224
222 223
212 221
214 219
211 213
220 222
200 217
207 210
199 209
208 218
225 226
226 228
228 227
227 225
225 228
226 227
229 230
230 232
232 231
231 229
229 232
230 231
233 234
234 236
236 235
235 233
233 236
234 235
237 238
238 240
240 239
239 237
237 240
238 239
228 237
230 235
227 229
236 238
215 225
216 233
223 226
224 234
241 242
242 244
244 243
243 241
241 244
242 243
245 246
246 248
248 247
247 245
245 248
246 247
249 250
250 252
252 251
251 249
249 252
250 251
253 254
254 256
256 255
255 253
253 256
254 255
242 249
244 253
246 251
243 245
252 254
232 249
239 242
231 241
183 193
184 201
191 194
120 137
127 130
128 138
119 129
257 258
258 260
260 259
259 257
257 260
258 259
261 262
262 264
264 263
263 261
261 264
262 263
265 266
266 268
268 267
267 265
265 268
266 267
269 270
270 272
272 271
271 269
269 272
270 271
260 269
262 267
259 261
268 270
273 274
274 276
276 275
275 273
273 276
274 275
277 278
278 280
280 279
279 277
277 280
278 279
281 282
282 284
284 283
283 281
281 284
282 283
285 286
286 288
288 287
287 285
285 288
286 287
276 285
278 283
275 277
284 286
264 281
271 274
263 273
272 282
289 290
290 292
292 291
291 289
289 292
290 291
293 294
294 296
296 295
295 293
293 296
294 295
297 298
298 300
300 299
299 297
297 300
298 299
301 302
302 304
304 303
303 301
301 304
302 303
292 301
294 299
291 293
300 302
279 289
280 297
287 290
288 298
305 306
306 308
308 307
307 305
305 308
306 307
309 310
310 312
312 311
311 309
309 312
310 311
313 314
314 316
316 315
315 313
313 316
314 315
317 318
318 320
320 319
319 317
317 320
318 319
306 313
308 317
310 315
307 309
316 318
296 313
303 306
295 305
321 322
322 324
324 323
323 321
321 324
322 323
325 326
326 328
328 327
327 325
325 328
326 327
329 330
330 332
332 331
331 329
329 332
330 331
333 334
334 336
336 335
335 333
333 336
334 335
324 333
326 331
323 325
332 334
337 338
338 340
340 339
339 337
337 340
338 339
341 342
342 344
344 343
343 341
341 344
342 343
345 346
346 348
348 347
347 345
345 348
346 347
349 350
350 352
352 351
351 349
349 352
350 351
340 349
342 347
339 341
348 350
328 345
335 338
327 337
336 346
353 354
354 356
356 355
355 353
353 356
354 355
357 358
358 360
360 359
359 357
357 360
358 359
361 362
362 364
364 363
363 361
361 364
362 363
365 366
366 368
368 367
367 365
365 368
366 367
356 365
358 363
355 357
364 366
343 353
344 361
351 354
352 362
369 370
370 372
372 371
371 369
369 372
370 371
373 374
374 376
376 375
375 373
373 376
374 375
377 378
378 380
380 379
379 377
377 380
378 379
381 382
382 384
384 383
383 381
381 384
382 383
370 377
372 381
374 379
371 373
380 382
360 377
367 370
359 369
311 321
312 329
319 322
248 265
255 258
247 257
256 266
385 386
386 388
388 387
387 385
385 388
386 387
389 390
390 392
392 391
391 389
389 392
390 391
393 394
394 396
396 395
395 393
393 396
394 395
397 398
398 400
400 399
399 397
397 400
398 399
388 397
390 395
387 389
396 398
401 402
402 404
404 403
403 401
401 404
402 403
405 406
406 408
408 407
407 405
405 408
406 407
409 410
410 412
412 411
411 409
409 412
410 411
413 414
414 416
416 415
415 413
413 416
414 415
404 413
406 411
403 405
412 414
392 409
399 402
391 401
400 410
417 418
418 420
420 419
419 417
417 420
418 419
421 422
422 424
424 423
423 421
421 424
422 423
425 426
426 428
428 427
427 425
425 428
426 427
429 430
430 432
432 431
431 429
429 432
430 431
420 429
422 427
419 421
428 430
407 417
408 425
415 418
416 426
433 434
434 436
436 435
435 433
433 436
434 435
437 438
438 440
440 439
439 437
437 440
438 439
441 442
442 444
444 443
443 441
441 444
442 443
445 446
446 448
448 447
447 445
445 448
446 447
434 441
436 445
438 443
435 437
444 446
424 441
431 434
423 433
449 450
450 452
452 451
451 449
449 452
450 451
453 454
454 456
456 455
455 453
453 456
454 455
457 458
458 460
460 459
459 457
457 460
458 459
461 462
462 464
464 463
463 461
461 464
462 463
452 461
454 459
451 453
460 462
465 466
466 468
468 467
467 465
465 468
466 467
469 470
470 472
472 471
471 469
469 472
470 471
473 474
474 476
476 475
475 473
473 476
474 475
477 478
478 480
480 479
479 477
477 480
478 479
468 477
470 475
467 469
476 478
456 473
463 466
455 465
464 474
481 482
482 484
484 483
483 481
481 484
482 483
485 486
486 488
488 487
487 485
485 488
486 487
489 490
490 492
492 491
491 489
489 492
490 491
493 494
494 496
496 495
495 493
493 496
494 495
484 493
486 491
483 485
492 494
471 481
472 489
479 482
480 490
497 498
498 500
500 499
499 497
497 500
498 499
501 502
502 504
504 503
503 501
501 504
502 503
505 506
506 508
508 507
507 505
505 508
506 507
509 510
510 512
512 511
511 509
509 512
510 511
498 505
500 509
502 507
499 501
508 510
488 505
495 498
487 497
439 449
440 457
447 450
513 514
514 516
516 515
515 513
513 516
514 515
517 518
518 520
520 519
519 517
517 520
518 519
521 522
522 524
524 523
523 521
521 524
522 523
525 526
526 528
528 527
527 525
525 528
526 527
516 525
518 523
515 517
524 526
529 530
530 532
532 531
531 529
529 532
530 531
533 534
534 536
536 535
535 533
533 536
534 535
537 538
538 540
540 539
539 537
537 540
538 539
541 542
542 544
544 543
543 541
541 544
542 543
532 541
534 539
531 533
540 542
520 537
527 530
519 529
528 538
545 546
546 548
548 547
547 545
545 548
546 547
549 550
550 552
552 551
551 549
549 552
550 551
553 554
554 556
556 555
555 553
553 556
554 555
557 558
558 560
560 559
559 557
557 560
558 559
548 557
550 555
547 549
556 558
535 545
536 553
543 546
544 554
561 562
562 564
564 563
563 561
561 564
562 563
565 566
566 568
568 567
567 565
565 568
566 567
569 570
570 572
572 571
571 569
569 572
570 571
573 574
574 576
576 575
575 573
573 576
574 575
562 569
564 573
566 571
563 565
572 574
552 569
559 562
551 561
577 578
578 580
580 579
579 577
577 580
578 579
581 582
582 584
584 583
583 581
581 584
582 583
585 586
586 588
588 587
587 585
585 588
586 587
589 590
590 592
592 591
591 589
589 592
590 591
580 589
582 587
579 581
588 590
593 594
594 596
596 595
595 593
593 596
594 595
597 598
598 600
600 599
599 597
597 600
598 599
601 602
602 604
604 603
603 601
601 604
602 603
605 606
606 608
608 607
607 605
605 608
606 607
596 605
598 603
595 597
604 606
584 601
591 594
583 593
592 602
609 610
610 612
612 611
611 609
609 612
610 611
613 614
614 616
616 615
615 613
613 616
614 615
617 618
618 620
620 619
619 617
617 620
618 619
621 622
622 624
624 623
623 621
621 624
622 623
612 621
614 619
611 613
620 622
599 609
600 617
607 610
608 618
625 626
626 628
628 627
627 625
625 628
626 627
629 630
630 632
632 631
631 629
629 632
630 631
633 634
634 636
636 635
635 633
633 636
634 635
637 638
638 640
640 639
639 637
637 640
638 639
626 633
628 637
630 635
627 629
636 638
616 633
623 626
615 625
567 577
568 585
575 578
504 521
511 514
512 522
503 513
641 642
642 644
644 643
643 641
641 644
642 643
645 646
646 648
648 647
647 645
645 648
646 647
649 650
650 652
652 651
651 649
649 652
650 651
653 654
654 656
656 655
655 653
653 656
654 655
644 653
646 651
643 645
652 654
657 658
658 660
660 659
659 657
657 660
658 659
661 662
662 664
664 663
663 661
661 664
662 663
665 666
666 668
668 667
667 665
665 668
666 667
669 670
670 672
672 671
671 669
669 672
670 671
660 669
662 667
659 661
668 670
648 665
655 658
647 657
656 666
673 674
674 676
676 675
675 673
673 676
674 675
677 678
678 680
680 679
679 677
677 680
678 679
681 682
682 684
684 683
683 681
681 684
682 683
685 686
686 688
688 687
687 685
685 688
686 687
676 685
678 683
675 677
684 686
663 673
664 681
671 674
672 682
689 690
690 692
692 691
691 689
689 692
690 691
693 694
694 696
696 695
695 693
693 696
694 695
697 698
698 700
700 699
699 697
697 700
698 699
701 702
702 704
704 703
703 701
701 704
702 703
690 697
692 701
694 699
691 693
700 702
680 697
687 690
679 689
705 706
706 708
708 707
707 705
705 708
706 707
709 710
710 712
712 711
711 709
709 712
710 711
713 714
714 716
716 715
715 713
713 716
714 715
717 718
718 720
720 719
719 717
717 720
718 719
708 717
710 715
707 709
716 718
721 722
722 724
724 723
723 721
721 724
722 723
725 726
726 728
728 727
727 725
725 728
726 727
729 730
730 732
732 731
731 729
729 732
730 731
733 734
734 736
736 735
735 733
733 736
734 735
724 733
726 731
723 725
732 734
712 729
719 722
711 721
720 730
737 738
738 740
740 739
739 737
737 740
738 739
741 742
742 744
744 743
743 741
741 744
742 743
745 746
746 748
748 747
747 745
745 748
746 747
749 750
750 752
752 751
751 749
749 752
750 751
740 749
742 747
739 741
748 750
727 737
728 745
735 738
736 746
753 754
754 756
756 755
755 753
753 756
754 755
757 758
758 760
760 759
759 757
757 760
758 759
761 762
762 764
764 763
763 761
761 764
762 763
765 766
766 768
768 767
767 765
765 768
766 767
754 761
756 765
758 763
755 757
764 766
744 761
751 754
743 753
695 705
696 713
703 706
632 649
639 642
631 641
640 650
376 393
383 386
375 385
384 394
769 770
770 772
772 771
771 769
769 772
770 771
773 774
774 776
776 775
775 773
773 776
774 775
777 778
778 780
780 779
779 777
777 780
778 779
781 782
782 784
784 783
783 781
781 784
782 783
772 781
774 779
771 773
780 782
785 786
786 788
788 787
787 785
785 788
786 787
789 790
790 792
792 791
791 789
789 792
790 791
793 794
794 796
796 795
795 793
793 796
794 795
797 798
798 800
800 799
799 797
797 800
798 799
788 797
790 795
787 789
796 798
776 793
783 786
775 785
784 794
801 802
802 804
804 803
803 801
801 804
802 803
805 806
806 808
808 807
807 805
805 808
806 807
809 810
810 812
812 811
811 809
809 812
810 811
813 814
814 816
816 815
815 813
813 816
814 815
804 813
806 811
803 805
812 814
791 801
792 809
799 802
800 810
817 818
818 820
820 819
819 817
817 820
818 819
821 822
822 824
824 823
823 821
821 824
822 823
825 826
826 828
828 827
827 825
825 828
826 827
829 830
830 832
832 831
831 829
829 832
830 831
818 825
820 829
822 827
819 821
828 830
808 825
815 818
807 817
833 834
834 836
836 835
835 833
833 836
834 835
837 838
838 840
840 839
839 837
837 840
838 839
841 842
842 844
844 843
843 841
841 844
842 843
845 846
846 848
848 847
847 845
845 848
846 847
836 845
838 843
835 837
844 846
849 850
850 852
852 851
851 849
849 852
850 851
853 854
854 856
856 855
855 853
853 856
854 855
857 858
858 860
860 859
859 857
857 860
858 859
861 862
862 864
864 863
863 861
861 864
862 863
852 861
854 859
851 853
860 862
840 857
847 850
839 849
848 858
865 866
866 868
868 867
867 865
865 868
866 867
869 870
870 872
872 871
871 869
869 872
870 871
873 874
874 876
876 875
875 873
873 876
874 875
877 878
878 880
880 879
879 877
877 880
878 879
868 877
870 875
867 869
876 878
855 865
856 873
863 866
864 874
881 882
882 884
884 883
883 881
881 884
882 883
885 886
886 888
888 887
887 885
885 888
886 887
889 890
890 892
892 891
891 889
889 892
890 891
893 894
894 896
896 895
895 893
893 896
894 895
882 889
884 893
886 891
883 885
892 894
872 889
879 882
871 881
823 833
824 841
831 834
897 898
898 900
900 899
899 897
897 900
898 899
901 902
902 904
904 903
903 901
901 904
902 903
905 906
906 908
908 907
907 905
905 908
906 907
909 910
910 912
912 911
911 909
909 912
910 911
900 909
902 907
899 901
908 910
913 914
914 916
916 915
915 913
913 916
914 915
917 918
918 920
920 919
919 917
917 920
918 919
921 922
922 924
924 923
923 921
921 924
922 923
925 926
926 928
928 927
927 925
925 928
926 927
916 925
918 923
915 917
924 926
904 921
911 914
903 913
912 922
929 930
930 932
932 931
931 929
929 932
930 931
933 934
934 936
936 935
935 933
933 936
934 935
937 938
938 940
940 939
939 937
937 940
938 939
941 942
942 944
944 943
943 941
941 944
942 943
932 941
934 939
931 933
940 942
919 929
920 937
927 930
928 938
945 946
946 948
948 947
947 945
945 948
946 947
949 950
950 952
952 951
951 949
949 952
950 951
953 954
954 956
956 955
955 953
953 956
954 955
957 958
958 960
960 959
959 957
957 960
958 959
946 953
948 957
950 955
947 949
956 958
936 953
943 946
935 945
961 962
962 964
964 963
963 961
961 964
962 963
965 966
966 968
968 967
967 965
965 968
966 967
969 970
970 972
972 971
971 969
969 972
970 971
973 974
974 976
976 975
975 973
973 976
974 975
964 973
966 971
963 965
972 974
977 978
978 980
980 979
979 977
977 980
978 979
981 982
982 984
984 983
983 981
981 984
982 983
985 986
986 988
988 987
987 985
985 988
986 987
989 990
990 992
992 991
991 989
989 992
990 991
980 989
982 987
979 981
988 990
968 985
975 978
967 977
976 986
993 994
994 996
996 995
995 993
993 996
994 995
997 998
998 1000
1000 999
999 997
997 1000
998 999
1001 1002
1002 1004
1004 1003
1003 1001
1001 1004
1002 1003
1005 1006
1006 1008
1008 1007
1007 1005
1005 1008
1006 1007
996 1005
998 1003
995 997
1004 1006
983 993
984 1001
991 994
992 1002
1009 1010
1010 1012
1012 1011
1011 1009
1009 1012
1010 1011
1013 1014
1014 1016
1016 1015
1015 1013
1013 1016
1014 1015
1017 1018
1018 1020
1020 1019
1019 1017
1017 1020
1018 1019
1021 1022
1022 1024
1024 1023
1023 1021
1021 1024
1022 1023
1010 1017
1012 1021
1014 1019
1011 1013
1020 1022
1000 1017
1007 1010
999 1009
951 961
952 969
959 962
888 905
895 898
896 906
887 897
1025 1026
1026 1028
1028 1027
1027 1025
1025 1028
1026 1027
1029 1030
1030 1032
1032 1031
1031 1029
1029 1032
1030 1031
1033 1034
1034 1036
1036 1035
1035 1033
1033 1036
1034 1035
1037 1038
1038 1040
1040 1039
1039 1037
1037 1040
1038 1039
1028 1037
1030 1035
1027 1029
1036 1038
1041 1042
1042 1044
1044 1043
1043 1041
1041 1044
1042 1043
1045 1046
1046 1048
1048 1047
1047 1045
1045 1048
1046 1047
1049 1050
1050 1052
1052 1051
1051 1049
1049 1052
1050 1051
1053 1054
1054 1056
1056 1055
1055 1053
1053 1056
1054 1055
1044 1053
1046 1051
1043 1045
1052 1054
1032 1049
1039 1042
1031 1041
1040 1050
1057 1058
1058 1060
1060 1059
1059 1057
1057 1060
1058 1059
1061 1062
1062 1064
1064 1063
1063 1061
1061 1064
1062 1063
1065 1066
1066 1068
1068 1067
1067 1065
1065 1068
1066 1067
1069 1070
1070 1072
1072 1071
1071 1069
1069 1072
1070 1071
1060 1069
1062 1067
1059 1061
1068 1070
1047 1057
1048 1065
1055 1058
1056 1066
1073 1074
1074 1076
1076 1075
1075 1073
1073 1076
1074 1075
1077 1078
1078 1080
1080 1079
1079 1077
1077 1080
1078 1079
1081 1082
1082 1084
1084 1083
1083 1081
1081 1084
1082 1083
1085 1086
1086 1088
1088 1087
1087 1085
1085 1088
1086 1087
1074 1081
1076 1085
1078 1083
1075 1077
1084 1086
1064 1081
1071 1074
1063 1073
1089 1090
1090 1092
1092 1091
1091 1089
1089 1092
1090 1091
1093 1094
1094 1096
1096 1095
1095 1093
1093 1096
1094 1095
1097 1098
1098 1100
1100 1099
1099 1097
1097 1100
1098 1099
1101 1102
1102 1104
1104 1103
1103 1101
1101 1104
1102 1103
1092 1101
1094 1099
1091 1093
1100 1102
1105 1106
1106 1108
1108 1107
1107 1105
1105 1108
1106 1107
1109 1110
1110 1112
1112 1111
1111 1109
1109 1112
1110 1111
1113 1114
1114 1116
1116 1115
1115 1113
1113 1116
1114 1115
1117 1118
1118 1120
1120 1119
1119 1117
1117 1120
1118 1119
1108 1117
1110 1115
1107 1109
1116 1118
1096 1113
1103 1106
1095 1105
1104 1114
1121 1122
1122 1124
1124 1123
1123 1121
1121 1124
1122 1123
1125 1126
1126 1128
1128 1127
1127 1125
1125 1128
1126 1127
1129 1130
1130 1132
1132 1131
1131 1129
1129 1132
1130 1131
1133 1134
1134 1136
1136 1135
1135 1133
1133 1136
1134 1135
1124 1133
1126 1131
1123 1125
1132 1134
1111 1121
1112 1129
1119 1122
1120 1130
1137 1138
1138 1140
1140 1139
1139 1137
1137 1140
1138 1139
1141 1142
1142 1144
1144 1143
1143 1141
1141 1144
1142 1143
1145 1146
1146 1148
1148 1147
1147 1145
1145 1148
1146 1147
1149 1150
1150 1152
1152 1151
1151 1149
1149 1152
1150 1151
1138 1145
1140 1149
1142 1147
1139 1141
1148 1150
1128 1145
1135 1138
1127 1137
1079 1089
1080 1097
1087 1090
1016 1033
1023 1026
1015 1025
1024 1034
1153 1154
1154 1156
1156 1155
1155 1153
1153 1156
1154 1155
1157 1158
1158 1160
1160 1159
1159 1157
1157 1160
1158 1159
1161 1162
1162 1164
1164 1163
1163 1161
1161 1164
1162 1163
1165 1166
1166 1168
1168 1167
1167 1165
1165 1168
1166 1167
1156 1165
1158 1163
1155 1157
1164 1166
1169 1170
1170 1172
1172 1171
1171 1169
1169 1172
1170 1171
1173 1174
1174 1176
1176 1175
1175 1173
1173 1176
1174 1175
1177 1178
1178 1180
1180 1179
1179 1177
1177 1180
1178 1179
1181 1182
1182 1184
1184 1183
1183 1181
1181 1184
1182 1183
1172 1181
1174 1179
1171 1173
1180 1182
1160 1177
1167 1170
1159 1169
1168 1178
1185 1186
1186 1188
1188 1187
1187 1185
1185 1188
1186 1187
1189 1190
1190 1192
1192 1191
1191 1189
1189 1192
1190 1191
1193 1194
1194 1196
1196 1195
1195 1193
1193 1196
1194 1195
1197 1198
1198 1200
1200 1199
1199 1197
1197 1200
1198 1199
1188 1197
1190 1195
1187 1189
1196 1198
1175 1185
1176 1193
1183 1186
1184 1194
1201 1202
1202 1204
1204 1203
1203 1201
1201 1204
1202 1203
1205 1206
1206 1208
1208 1207
1207 1205
1205 1208
1206 1207
1209 1210
1210 1212
1212 1211
1211 1209
1209 1212
1210 1211
1213 1214
1214 1216
1216 1215
1215 1213
1213 1216
1214 1215
1202 1209
1204 1213
1206 1211
1203 1205
1212 1214
1192 1209
1199 1202
1191 1201
1217 1218
1218 1220
1220 1219
1219 1217
1217 1220
1218 1219
1221 1222
1222 1224
1224 1223
1223 1221
1221 1224
1222 1223
1225 1226
1226 1228
1228 1227
1227 1225
1225 1228
1226 1227
1229 1230
1230 1232
1232 1231
1231 1229
1229 1232
1230 1231
1220 1229
1222 1227
1219 1221
1228 1230
1233 1234
1234 1236
1236 1235
1235 1233
1233 1236
1234 1235
1237 1238
1238 1240
1240 1239
1239 1237
1237 1240
1238 1239
1241 1242
1242 1244
1244 1243
1243 1241
1241 1244
1242 1243
1245 1246
1246 1248
1248 1247
1247 1245
1245 1248
1246 1247
1236 1245
1238 1243
1235 1237
1244 1246
1224 1241
1231 1234
1223 1233
1232 1242
1249 1250
1250 1252
1252 1251
1251 1249
1249 1252
1250 1251
1253 1254
1254 1256
1256 1255
1255 1253
1253 1256
1254 1255
1257 1258
1258 1260
1260 1259
1259 1257
1257 1260
1258 1259
1261 1262
1262 1264
1264 1263
1263 1261
1261 1264
1262 1263
1252 1261
1254 1259
1251 1253
1260 1262
1239 1249
1240 1257
1247 1250
1248 1258
1265 1266
1266 1268
1268 1267
1267 1265
1265 1268
1266 1267
1269 1270
1270 1272
1272 1271
1271 1269
1269 1272
1270 1271
1273 1274
1274 1276
1276 1275
1275 1273
1273 1276
1274 1275
1277 1278
1278 1280
1280 1279
1279 1277
1277 1280
1278 1279
1266 1273
1268 1277
1270 1275
1267 1269
1276 1278
1256 1273
1263 1266
1255 1265
1207 1217
1208 1225
1215 1218
1281 1282
1282 1284
1284 1283
1283 1281
1281 1284
1282 1283
1285 1286
1286 1288
1288 1287
1287 1285
1285 1288
1286 1287
1289 1290
1290 1292
1292 1291
1291 1289
1289 1292
1290 1291
1293 1294
1294 1296
1296 1295
1295 1293
1293 1296
1294 1295
1284 1293
1286 1291
1283 1285
1292 1294
1297 1298
1298 1300
1300 1299
1299 1297
1297 1300
1298 1299
1301 1302
1302 1304
1304 1303
1303 1301
1301 1304
1302 1303
1305 1306
1306 1308
1308 1307
1307 1305
1305 1308
1306 1307
1309 1310
1310 1312
1312 1311
1311 1309
1309 1312
1310 1311
1300 1309
1302 1307
1299 1301
1308 1310
1288 1305
1295 1298
1287 1297
1296 1306
1313 1314
1314 1316
1316 1315
1315 1313
1313 1316
1314 1315
1317 1318
1318 1320
1320 1319
1319 1317
1317 1320
1318 1319
1321 1322
1322 1324
1324 1323
1323 1321
1321 1324
1322 1323
1325 1326
1326 1328
1328 1327
1327 1325
1325 1328
1326 1327
1316 1325
1318 1323
1315 1317
1324 1326
1303 1313
1304 1321
1311 1314
1312 1322
1329 1330
1330 1332
1332 1331
1331 1329
1329 1332
1330 1331
1333 1334
1334 1336
1336 1335
1335 1333
1333 1336
1334 1335
1337 1338
1338 1340
1340 1339
1339 1337
1337 1340
1338 1339
1341 1342
1342 1344
1344 1343
1343 1341
1341 1344
1342 1343
1330 1337
1332 1341
1334 1339
1331 1333
1340 1342
1320 1337
1327 1330
1319 1329
1345 1346
1346 1348
1348 1347
1347 1345
1345 1348
1346 1347
1349 1350
1350 1352
1352 1351
1351 1349
1349 1352
1350 1351
1353 1354
1354 1356
1356 1355
1355 1353
1353 1356
1354 1355
1357 1358
1358 1360
1360 1359
1359 1357
1357 1360
1358 1359
1348 1357
1350 1355
1347 1349
1356 1358
1361 1362
1362 1364
1364 1363
1363 1361
1361 1364
1362 1363
1365 1366
1366 1368
1368 1367
1367 1365
1365 1368
1366 1367
1369 1370
1370 1372
1372 1371
1371 1369
1369 1372
1370 1371
1373 1374
1374 1376
1376 1375
1375 1373
1373 1376
1374 1375
1364 1373
1366 1371
1363 1365
1372 1374
1352 1369
1359 1362
1351 1361
1360 1370
1377 1378
1378 1380
1380 1379
1379 1377
1377 1380
1378 1379
1381 1382
1382 1384
1384 1383
1383 1381
1381 1384
1382 1383
1385 1386
1386 1388
1388 1387
1387 1385
1385 1388
1386 1387
1389 1390
1390 1392
1392 1391
1391 1389
1389 1392
1390 1391
1380 1389
1382 1387
1379 1381
1388 1390
1367 1377
1368 1385
1375 1378
1376 1386
1393 1394
1394 1396
1396 1395
1395 1393
1393 1396
1394 1395
1397 1398
1398 1400
1400 1399
1399 1397
1397 1400
1398 1399
1401 1402
1402 1404
1404 1403
1403 1401
1401 1404
1402 1403
1405 1406
1406 1408
1408 1407
1407 1405
1405 1408
1406 1407
1394 1401
1396 1405
1398 1403
1395 1397
1404 1406
1384 1401
1391 1394
1383 1393
1335 1345
1336 1353
1343 1346
1272 1289
1279 1282
1280 1290
1271 1281
1409 1410
1410 1412
1412 1411
1411 1409
1409 1412
1410 1411
1413 1414
1414 1416
1416 1415
1415 1413
1413 1416
1414 1415
1417 1418
1418 1420
1420 1419
1419 1417
1417 1420
1418 1419
1421 1422
1422 1424
1424 1423
1423 1421
1421 1424
1422 1423
1412 1421
1414 1419
1411 1413
1420 1422
1425 1426
1426 1428
1428 1427
1427 1425
1425 1428
1426 1427
1429 1430
1430 1432
1432 1431
1431 1429
1429 1432
1430 1431
1433 1434
1434 1436
1436 1435
1435 1433
1433 1436
1434 1435
1437 1438
1438 1440
1440 1439
1439 1437
1437 1440
1438 1439
1428 1437
1430 1435
1427 1429
1436 1438
1416 1433
1423 1426
1415 1425
1424 1434
1441 1442
1442 1444
1444 1443
1443 1441
1441 1444
1442 1443
1445 1446
1446 1448
1448 1447
1447 1445
1445 1448
1446 1447
1449 1450
1450 1452
1452 1451
1451 1449
1449 1452
1450 1451
1453 1454
1454 1456
1456 1455
1455 1453
1453 1456
1454 1455
1444 1453
1446 1451
1443 1445
1452 1454
1431 1441
1432 1449
1439 1442
1440 1450
1457 1458
1458 1460
1460 1459
1459 1457
1457 1460
1458 1459
1461 1462
1462 1464
1464 1463
1463 1461
1461 1464
1462 1463
1465 1466
1466 1468
1468 1467
1467 1465
1465 1468
1466 1467
1469 1470
1470 1472
1472 1471
1471 1469
1469 1472
1470 1471
1458 1465
1460 1469
1462 1467
1459 1461
1468 1470
1448 1465
1455 1458
1447 1457
1473 1474
1474 1476
1476 1475
1475 1473
1473 1476
1474 1475
1477 1478
1478 1480
1480 1479
1479 1477
1477 1480
1478 1479
1481 1482
1482 1484
1484 1483
1483 1481
1481 1484
1482 1483
1485 1486
1486 1488
1488 1487
1487 1485
1485 1488
1486 1487
1476 1485
1478 1483
1475 1477
1484 1486
1489 1490
1490 1492
1492 1491
1491 1489
1489 1492
1490 1491
1493 1494
1494 1496
1496 1495
1495 1493
1493 1496
1494 1495
1497 1498
1498 1500
1500 1499
1499 1497
1497 1500
1498 1499
1501 1502
1502 1504
1504 1503
1503 1501
1501 1504
1502 1503
1492 1501
1494 1499
1491 1493
1500 1502
1480 1497
1487 1490
1479 1489
1488 1498
1505 1506
1506 1508
1508 1507
1507 1505
1505 1508
1506 1507
1509 1510
1510 1512
1512 1511
1511 1509
1509 1512
1510 1511
1513 1514
1514 1516
1516 1515
1515 1513
1513 1516
1514 1515
1517 1518
1518 1520
1520 1519
1519 1517
1517 1520
1518 1519
1508 1517
1510 1515
1507 1509
1516 1518
1495 1505
1496 1513
1503 1506
1504 1514
1521 1522
1522 1524
1524 1523
1523 1521
1521 1524
1522 1523
1525 1526
1526 1528
1528 1527
1527 1525
1525 1528
1526 1527
1529 1530
1530 1532
1532 1531
1531 1529
1529 1532
1530 1531
1533 1534
1534 1536
1536 1535
1535 1533
1533 1536
1534 1535
1522 1529
1524 1533
1526 1531
1523 1525
1532 1534
1512 1529
1519 1522
1511 1521
1463 1473
1464 1481
1471 1474
1400 1417
1407 1410
1399 1409
1408 1418
1144 1161
1151 1154
1143 1153
1152 1162
760 777
767 770
768 778
759 769
2 9
1537 1538
1538 1540
1540 1539
1539 1537
1537 1540
1538 1539
1541 1542
1542 1544
1544 1543
1543 1541
1541 1544
1542 1543
1545 1546
1546 1548
1548 1547
1547 1545
1545 1548
1546 1547
1549 1550
1550 1552
1552 1551
1551 1549
1549 1552
1550 1551
1540 1549
1542 1547
1539 1541
1548 1550
1553 1554
1554 1556
1556 1555
1555 1553
1553 1556
1554 1555
1557 1558
1558 1560
1560 1559
1559 1557
1557 1560
1558 1559
1561 1562
1562 1564
1564 1563
1563 1561
1561 1564
1562 1563
1565 1566
1566 1568
1568 1567
1567 1565
1565 1568
1566 1567
1556 1565
1558 1563
1555 1557
1564 1566
1544 1561
1551 1554
1543 1553
1552 1562
1569 1570
1570 1572
1572 1571
1571 1569
1569 1572
1570 1571
1573 1574
1574 1576
1576 1575
1575 1573
1573 1576
1574 1575
1577 1578
1578 1580
1580 1579
1579 1577
1577 1580
1578 1579
1581 1582
1582 1584
1584 1583
1583 1581
1581 1584
1582 1583
1572 1581
1574 1579
1571 1573
1580 1582
1559 1569
1560 1577
1567 1570
1568 1578
1585 1586
1586 1588
1588 1587
1587 1585
1585 1588
1586 1587
1589 1590
1590 1592
1592 1591
1591 1589
1589 1592
1590 1591
1593 1594
1594 1596
1596 1595
1595 1593
1593 1596
1594 1595
1597 1598
1598 1600
1600 1599
1599 1597
1597 1600
1598 1599
1586 1593
1588 1597
1590 1595
1587 1589
1596 1598
1576 1593
1583 1586
1575 1585
1601 1602
1602 1604
1604 1603
1603 1601
1601 1604
1602 1603
1605 1606
1606 1608
1608 1607
1607 1605
1605 1608
1606 1607
1609 1610
1610 1612
1612 1611
1611 1609
1609 1612
1610 1611
1613 1614
1614 1616
1616 1615
1615 1613
1613 1616
1614 1615
1604 1613
1606 1611
1603 1605
1612 1614
1617 1618
1618 1620
1620 1619
1619 1617
1617 1620
1618 1619
1621 1622
1622 1624
1624 1623
1623 1621
1621 1624
1622 1623
1625 1626
1626 1628
1628 1627
1627 1625
1625 1628
1626 1627
1629 1630
1630 1632
1632 1631
1631 1629
1629 1632
1630 1631
1620 1629
1622 1627
1619 1621
1628 1630
1608 1625
1615 1618
1607 1617
1616 1626
1633 1634
1634 1636
1636 1635
1635 1633
1633 1636
1634 1635
1637 1638
1638 1640
1640 1639
1639 1637
1637 1640
1638 1639
1641 1642
1642 1644
1644 1643
1643 1641
1641 1644
1642 1643
1645 1646
1646 1648
1648 1647
1647 1645
1645 1648
1646 1647
1636 1645
1638 1643
1635 1637
1644 1646
1623 1633
1624 1641
1631 1634
1632 1642
1649 1650
1650 1652
1652 1651
1651 1649
1649 1652
1650 1651
1653 1654
1654 1656
1656 1655
1655 1653
1653 1656
1654 1655
1657 1658
1658 1660
1660 1659
1659 1657
1657 1660
1658 1659
1661 1662
1662 1664
1664 1663
1663 1661
1661 1664
1662 1663
1650 1657
1652 1661
1654 1659
1651 1653
1660 1662
1640 1657
1647 1650
1639 1649
1591 1601
1592 1609
1599 1602
1665 1666
1666 1668
1668 1667
1667 1665
1665 1668
1666 1667
1669 1670
1670 1672
1672 1671
1671 1669
1669 1672
1670 1671
1673 1674
1674 1676
1676 1675
1675 1673
1673 1676
1674 1675
1677 1678
1678 1680
1680 1679
1679 1677
1677 1680
1678 1679
1668 1677
1670 1675
1667 1669
1676 1678
1681 1682
1682 1684
1684 1683
1683 1681
1681 1684
1682 1683
1685 1686
1686 1688
1688 1687
1687 1685
1685 1688
1686 1687
1689 1690
1690 1692
1692 1691
1691 1689
1689 1692
1690 1691
1693 1694
1694 1696
1696 1695
1695 1693
1693 1696
1694 1695
1684 1693
1686 1691
1683 1685
1692 1694
1672 1689
1679 1682
1671 1681
1680 1690
1697 1698
1698 1700
1700 1699
1699 1697
1697 1700
1698 1699
1701 1702
1702 1704
1704 1703
1703 1701
1701 1704
1702 1703
1705 1706
1706 1708
1708 1707
1707 1705
1705 1708
1706 1707
1709 1710
1710 1712
1712 1711
1711 1709
1709 1712
1710 1711
1700 1709
1702 1707
1699 1701
1708 1710
1687 1697
1688 1705
1695 1698
1696 1706
1713 1714
1714 1716
1716 1715
1715 1713
1713 1716
1714 1715
1717 1718
1718 1720
1720 1719
1719 1717
1717 1720
1718 1719
1721 1722
1722 1724
1724 1723
1723 1721
1721 1724
1722 1723
1725 1726
1726 1728
1728 1727
1727 1725
1725 1728
1726 1727
1714 1721
1716 1725
1718 1723
1715 1717
1724 1726
1704 1721
1711 1714
1703 1713
1729 1730
1730 1732
1732 1731
1731 1729
1729 1732
1730 1731
1733 1734
1734 1736
1736 1735
1735 1733
1733 1736
1734 1735
1737 1738
1738 1740
1740 1739
1739 1737
1737 1740
1738 1739
1741 1742
1742 1744
1744 1743
1743 1741
1741 1744
1742 1743
1732 1741
1734 1739
1731 1733
1740 1742
1745 1746
1746 1748
1748 1747
1747 1745
1745 1748
1746 1747
1749 1750
1750 1752
1752 1751
1751 1749
1749 1752
1750 1751
1753 1754
1754 1756
1756 1755
1755 1753
1753 1756
1754 1755
1757 1758
1758 1760
1760 1759
1759 1757
1757 1760
1758 1759
1748 1757
1750 1755
1747 1749
1756 1758
1736 1753
1743 1746
1735 1745
1744 1754
1761 1762
1762 1764
1764 1763
1763 1761
1761 1764
1762 1763
1765 1766
1766 1768
1768 1767
1767 1765
1765 1768
1766 1767
1769 1770
1770 1772
1772 1771
1771 1769
1769 1772
1770 1771
1773 1774
1774 1776
1776 1775
1775 1773
1773 1776
1774 1775
1764 1773
1766 1771
1763 1765
1772 1774
1751 1761
1752 1769
1759 1762
1760 1770
1777 1778
1778 1780
1780 1779
1779 1777
1777 1780
1778 1779
1781 1782
1782 1784
1784 1783
1783 1781
1781 1784
1782 1783
1785 1786
1786 1788
1788 1787
1787 1785
1785 1788
1786 1787
1789 1790
1790 1792
1792 1791
1791 1789
1789 1792
1790 1791
1778 1785
1780 1789
1782 1787
1779 1781
1788 1790
1768 1785
1775 1778
1767 1777
1719 1729
1720 1737
1727 1730
1656 1673
1663 1666
1664 1674
1655 1665
1793 1794
1794 1796
1796 1795
1795 1793
1793 1796
1794 1795
1797 1798
1798 1800
1800 1799
1799 1797
1797 1800
1798 1799
1801 1802
1802 1804
1804 1803
1803 1801
1801 1804
1802 1803
1805 1806
1806 1808
1808 1807
1807 1805
1805 1808
1806 1807
1796 1805
1798 1803
1795 1797
1804 1806
1809 1810
1810 1812
1812 1811
1811 1809
1809 1812
1810 1811
1813 1814
1814 1816
1816 1815
1815 1813
1813 1816
1814 1815
1817 1818
1818 1820
1820 1819
1819 1817
1817 1820
1818 1819
1821 1822
1822 1824
1824 1823
1823 1821
1821 1824
1822 1823
1812 1821
1814 1819
1811 1813
1820 1822
1800 1817
1807 1810
1799 1809
1808 1818
1825 1826
1826 1828
1828 1827
1827 1825
1825 1828
1826 1827
1829 1830
1830 1832
1832 1831
1831 1829
1829 1832
1830 1831
1833 1834
1834 1836
1836 1835
1835 1833
1833 1836
1834 1835
1837 1838
1838 1840
1840 1839
1839 1837
1837 1840
1838 1839
1828 1837
1830 1835
1827 1829
1836 1838
1815 1825
1816 1833
1823 1826
1824 1834
1841 1842
1842 1844
1844 1843
1843 1841
1841 1844
1842 1843
1845 1846
1846 1848
1848 1847
1847 1845
1845 1848
1846 1847
1849 1850
1850 1852
1852 1851
1851 1849
1849 1852
1850 1851
1853 1854
1854 1856
1856 1855
1855 1853
1853 1856
1854 1855
1842 1849
1844 1853
1846 1851
1843 1845
1852 1854
1832 1849
1839 1842
1831 1841
1857 1858
1858 1860
1860 1859
1859 1857
1857 1860
1858 1859
1861 1862
1862 1864
1864 1863
1863 1861
1861 1864
1862 1863
1865 1866
1866 1868
1868 1867
1867 1865
1865 1868
1866 1867
1869 1870
1870 1872
1872 1871
1871 1869
1869 1872
1870 1871
1860 1869
1862 1867
1859 1861
1868 1870
1873 1874
1874 1876
1876 1875
1875 1873
1873 1876
1874 1875
1877 1878
1878 1880
1880 1879
1879 1877
1877 1880
1878 1879
1881 1882
1882 1884
1884 1883
1883 1881
1881 1884
1882 1883
1885 1886
1886 1888
1888 1887
1887 1885
1885 1888
1886 1887
1876 1885
1878 1883
1875 1877
1884 1886
1864 1881
1871 1874
1863 1873
1872 1882
1889 1890
1890 1892
1892 1891
1891 1889
1889 1892
1890 1891
1893 1894
1894 1896
1896 1895
1895 1893
1893 1896
1894 1895
1897 1898
1898 1900
1900 1899
1899 1897
1897 1900
1898 1899
1901 1902
1902 1904
1904 1903
1903 1901
1901 1904
1902 1903
1892 1901
1894 1899
1891 1893
1900 1902
1879 1889
1880 1897
1887 1890
1888 1898
1905 1906
1906 1908
1908 1907
1907 1905
1905 1908
1906 1907
1909 1910
1910 1912
1912 1911
1911 1909
1909 1912
1910 1911
1913 1914
1914 1916
1916 1915
1915 1913
1913 1916
1914 1915
1917 1918
1918 1920
1920 1919
1919 1917
1917 1920
1918 1919
1906 1913
1908 1917
1910 1915
1907 1909
1916 1918
1896 1913
1903 1906
1895 1905
1847 1857
1848 1865
1855 1858
1784 1801
1791 1794
1783 1793
1792 1802
1921 1922
1922 1924
1924 1923
1923 1921
1921 1924
1922 1923
1925 1926
1926 1928
1928 1927
1927 1925
1925 1928
1926 1927
1929 1930
1930 1932
1932 1931
1931 1929
1929 1932
1930 1931
1933 1934
1934 1936
1936 1935
1935 1933
1933 1936
1934 1935
1924 1933
1926 1931
1923 1925
1932 1934
1937 1938
1938 1940
1940 1939
1939 1937
1937 1940
1938 1939
1941 1942
1942 1944
1944 1943
1943 1941
1941 1944
1942 1943
1945 1946
1946 1948
1948 1947
1947 1945
1945 1948
1946 1947
1949 1950
1950 1952
1952 1951
1951 1949
1949 1952
1950 1951
1940 1949
1942 1947
1939 1941
1948 1950
1928 1945
1935 1938
1927 1937
1936 1946
1953 1954
1954 1956
1956 1955
1955 1953
1953 1956
1954 1955
1957 1958
1958 1960
1960 1959
1959 1957
1957 1960
1958 1959
1961 1962
1962 1964
1964 1963
1963 1961
1961 1964
1962 1963
1965 1966
1966 1968
1968 1967
1967 1965
1965 1968
1966 1967
1956 1965
1958 1963
1955 1957
1964 1966
1943 1953
1944 1961
1951 1954
1952 1962
1969 1970
1970 1972
1972 1971
1971 1969
1969 1972
1970 1971
1973 1974
1974 1976
1976 1975
1975 1973
1973 1976
1974 1975
1977 1978
1978 1980
1980 1979
1979 1977
1977 1980
1978 1979
1981 1982
1982 1984
1984 1983
1983 1981
1981 1984
1982 1983
1970 1977
1972 1981
1974 1979
1971 1973
1980 1982
1960 1977
1967 1970
1959 1969
1985 1986
1986 1988
1988 1987
1987 1985
1985 1988
1986 1987
1989 1990
1990 1992
1992 1991
1991 1989
1989 1992
1990 1991
1993 1994
1994 1996
1996 1995
1995 1993
1993 1996
1994 1995
1997 1998
1998 2000
2000 1999
1999 1997
1997 2000
1998 1999
1988 1997
1990 1995
1987 1989
1996 1998
2001 2002
2002 2004
2004 2003
2003 2001
2001 2004
2002 2003
2005 2006
2006 2008
2008 2007
2007 2005
2005 2008
2006 2007
2009 2010
2010 2012
2012 2011
2011 2009
2009 2012
2010 2011
2013 2014
2014 2016
2016 2015
2015 2013
2013 2016
2014 2015
2004 2013
2006 2011
2003 2005
2012 2014
1992 2009
1999 2002
1991 2001
2000 2010
2017 2018
2018 2020
2020 2019
2019 2017
2017 2020
2018 2019
2021 2022
2022 2024
2024 2023
2023 2021
2021 2024
2022 2023
2025 2026
2026 2028
2028 2027
2027 2025
2025 2028
2026 2027
2029 2030
2030 2032
2032 2031
2031 2029
2029 2032
2030 2031
2020 2029
2022 2027
2019 2021
2028 2030
2007 2017
2008 2025
2015 2018
2016 2026
2033 2034
2034 2036
2036 2035
2035 2033
2033 2036
2034 2035
2037 2038
2038 2040
2040 2039
2039 2037
2037 2040
2038 2039
2041 2042
2042 2044
2044 2043
2043 2041
2041 2044
2042 2043
2045 2046
2046 2048
2048 2047
2047 2045
2045 2048
2046 2047
2034 2041
2036 2045
2038 2043
2035 2037
2044 2046
2024 2041
2031 2034
2023 2033
1975 1985
1976 1993
1983 1986
2049 2050
2050 2052
2052 2051
2051 2049
2049 2052
2050 2051
2053 2054
2054 2056
2056 2055
2055 2053
2053 2056
2054 2055
2057 2058
2058 2060
2060 2059
2059 2057
2057 2060
2058 2059
2061 2062
2062 2064
2064 2063
2063 2061
2061 2064
2062 2063
2052 2061
2054 2059
2051 2053
2060 2062
2065 2066
2066 2068
2068 2067
2067 2065
2065 2068
2066 2067
2069 2070
2070 2072
2072 2071
2071 2069
2069 2072
2070 2071
2073 2074
2074 2076
2076 2075
2075 2073
2073 2076
2074 2075
2077 2078
2078 2080
2080 2079
2079 2077
2077 2080
2078 2079
2068 2077
2070 2075
2067 2069
2076 2078
2056 2073
2063 2066
2055 2065
2064 2074
2081 2082
2082 2084
2084 2083
2083 2081
2081 2084
2082 2083
2085 2086
2086 2088
2088 2087
2087 2085
2085 2088
2086 2087
2089 2090
2090 2092
2092 2091
2091 2089
2089 2092
2090 2091
2093 2094
2094 2096
2096 2095
2095 2093
2093 2096
2094 2095
2084 2093
2086 2091
2083 2085
2092 2094
2071 2081
2072 2089
2079 2082
2080 2090
2097 2098
2098 2100
2100 2099
2099 2097
2097 2100
2098 2099
2101 2102
2102 2104
2104 2103
2103 2101
2101 2104
2102 2103
2105 2106
2106 2108
2108 2107
2107 2105
2105 2108
2106 2107
2109 2110
2110 2112
2112 2111
2111 2109
2109 2112
2110 2111
2098 2105
2100 2109
2102 2107
2099 2101
2108 2110
2088 2105
2095 2098
2087 2097
2113 2114
2114 2116
2116 2115
2115 2113
2113 2116
2114 2115
2117 2118
2118 2120
2120 2119
2119 2117
2117 2120
2118 2119
2121 2122
2122 2124
2124 2123
2123 2121
2121 2124
2122 2123
2125 2126
2126 2128
2128 2127
2127 2125
2125 2128
2126 2127
2116 2125
2118 2123
2115 2117
2124 2126
2129 2130
2130 2132
2132 2131
2131 2129
2129 2132
2130 2131
2133 2134
2134 2136
2136 2135
2135 2133
2133 2136
2134 2135
2137 2138
2138 2140
2140 2139
2139 2137
2137 2140
2138 2139
2141 2142
2142 2144
2144 2143
2143 2141
2141 2144
2142 2143
2132 2141
2134 2139
2131 2133
2140 2142
2120 2137
2127 2130
2119 2129
2128 2138
2145 2146
2146 2148
2148 2147
2147 2145
2145 2148
2146 2147
2149 2150
2150 2152
2152 2151
2151 2149
2149 2152
2150 2151
2153 2154
2154 2156
2156 2155
2155 2153
2153 2156
2154 2155
2157 2158
2158 2160
2160 2159
2159 2157
2157 2160
2158 2159
2148 2157
2150 2155
2147 2149
2156 2158
2135 2145
2136 2153
2143 2146
2144 2154
2161 2162
2162 2164
2164 2163
2163 2161
2161 2164
2162 2163
2165 2166
2166 2168
2168 2167
2167 2165
2165 2168
2166 2167
2169 2170
2170 2172
2172 2171
2171 2169
2169 2172
2170 2171
2173 2174
2174 2176
2176 2175
2175 2173
2173 2176
2174 2175
2162 2169
2164 2173
2166 2171
2163 2165
2172 2174
2152 2169
2159 2162
2151 2161
2103 2113
2104 2121
2111 2114
2040 2057
2047 2050
2048 2058
2039 2049
2177 2178
2178 2180
2180 2179
2179 2177
2177 2180
2178 2179
2181 2182
2182 2184
2184 2183
2183 2181
2181 2184
2182 2183
2185 2186
2186 2188
2188 2187
2187 2185
2185 2188
2186 2187
2189 2190
2190 2192
2192 2191
2191 2189
2189 2192
2190 2191
2180 2189
2182 2187
2179 2181
2188 2190
2193 2194
2194 2196
2196 2195
2195 2193
2193 2196
2194 2195
2197 2198
2198 2200
2200 2199
2199 2197
2197 2200
2198 2199
2201 2202
2202 2204
2204 2203
2203 2201
2201 2204
2202 2203
2205 2206
2206 2208
2208 2207
2207 2205
2205 2208
2206 2207
2196 2205
2198 2203
2195 2197
2204 2206
2184 2201
2191 2194
2183 2193
2192 2202
2209 2210
2210 2212
2212 2211
2211 2209
2209 2212
2210 2211
2213 2214
2214 2216
2216 2215
2215 2213
2213 2216
2214 2215
2217 2218
2218 2220
2220 2219
2219 2217
2217 2220
2218 2219
2221 2222
2222 2224
2224 2223
2223 2221
2221 2224
2222 2223
2212 2221
2214 2219
2211 2213
2220 2222
2199 2209
2200 2217
2207 2210
2208 2218
2225 2226
2226 2228
2228 2227
2227 2225
2225 2228
2226 2227
2229 2230
2230 2232
2232 2231
2231 2229
2229 2232
2230 2231
2233 2234
2234 2236
2236 2235
2235 2233
2233 2236
2234 2235
2237 2238
2238 2240
2240 2239
2239 2237
2237 2240
2238 2239
2226 2233
2228 2237
2230 2235
2227 2229
2236 2238
2216 2233
2223 2226
2215 2225
2241 2242
2242 2244
2244 2243
2243 2241
2241 2244
2242 2243
2245 2246
2246 2248
2248 2247
2247 2245
2245 2248
2246 2247
2249 2250
2250 2252
2252 2251
2251 2249
2249 2252
2250 2251
2253 2254
2254 2256
2256 2255
2255 2253
2253 2256
2254 2255
2244 2253
2246 2251
2243 2245
2252 2254
2257 2258
2258 2260
2260 2259
2259 2257
2257 2260
2258 2259
2261 2262
2262 2264
2264 2263
2263 2261
2261 2264
2262 2263
2265 2266
2266 2268
2268 2267
2267 2265
2265 2268
2266 2267
2269 2270
2270 2272
2272 2271
2271 2269
2269 2272
2270 2271
2260 2269
2262 2267
2259 2261
2268 2270
2248 2265
2255 2258
2247 2257
2256 2266
2273 2274
2274 2276
2276 2275
2275 2273
2273 2276
2274 2275
2277 2278
2278 2280
2280 2279
2279 2277
2277 2280
2278 2279
2281 2282
2282 2284
2284 2283
2283 2281
2281 2284
2282 2283
2285 2286
2286 2288
2288 2287
2287 2285
2285 2288
2286 2287
2276 2285
2278 2283
2275 2277
2284 2286
2263 2273
2264 2281
2271 2274
2272 2282
2289 2290
2290 2292
2292 2291
2291 2289
2289 2292
2290 2291
2293 2294
2294 2296
2296 2295
2295 2293
2293 2296
2294 2295
2297 2298
2298 2300
2300 2299
2299 2297
2297 2300
2298 2299
2301 2302
2302 2304
2304 2303
2303 2301
2301 2304
2302 2303
2290 2297
2292 2301
2294 2299
2291 2293
2300 2302
2280 2297
2287 2290
2279 2289
2231 2241
2232 2249
2239 2242
2168 2185
2175 2178
2167 2177
2176 2186
1912 1929
1919 1922
1911 1921
1920 1930
2305 2306
2306 2308
2308 2307
2307 2305
2305 2308
2306 2307
2309 2310
2310 2312
2312 2311
2311 2309
2309 2312
2310 2311
2313 2314
2314 2316
2316 2315
2315 2313
2313 2316
2314 2315
2317 2318
2318 2320
2320 2319
2319 2317
2317 2320
2318 2319
2308 2317
2310 2315
2307 2309
2316 2318
2321 2322
2322 2324
2324 2323
2323 2321
2321 2324
2322 2323
2325 2326
2326 2328
2328 2327
2327 2325
2325 2328
2326 2327
2329 2330
2330 2332
2332 2331
2331 2329
2329 2332
2330 2331
2333 2334
2334 2336
2336 2335
2335 2333
2333 2336
2334 2335
2324 2333
2326 2331
2323 2325
2332 2334
2312 2329
2319 2322
2311 2321
2320 2330
2337 2338
2338 2340
2340 2339
2339 2337
2337 2340
2338 2339
2341 2342
2342 2344
2344 2343
2343 2341
2341 2344
2342 2343
2345 2346
2346 2348
2348 2347
2347 2345
2345 2348
2346 2347
2349 2350
2350 2352
2352 2351
2351 2349
2349 2352
2350 2351
2340 2349
2342 2347
2339 2341
2348 2350
2327 2337
2328 2345
2335 2338
2336 2346
2353 2354
2354 2356
2356 2355
2355 2353
2353 2356
2354 2355
2357 2358
2358 2360
2360 2359
2359 2357
2357 2360
2358 2359
2361 2362
2362 2364
2364 2363
2363 2361
2361 2364
2362 2363
2365 2366
2366 2368
2368 2367
2367 2365
2365 2368
2366 2367
2354 2361
2356 2365
2358 2363
2355 2357
2364 2366
2344 2361
2351 2354
2343 2353
2369 2370
2370 2372
2372 2371
2371 2369
2369 2372
2370 2371
2373 2374
2374 2376
2376 2375
2375 2373
2373 2376
2374 2375
2377 2378
2378 2380
2380 2379
2379 2377
2377 2380
2378 2379
2381 2382
2382 2384
2384 2383
2383 2381
2381 2384
2382 2383
2372 2381
2374 2379
2371 2373
2380 2382
2385 2386
2386 2388
2388 2387
2387 2385
2385 2388
2386 2387
2389 2390
2390 2392
2392 2391
2391 2389
2389 2392
2390 2391
2393 2394
2394 2396
2396 2395
2395 2393
2393 2396
2394 2395
2397 2398
2398 2400
2400 2399
2399 2397
2397 2400
2398 2399
2388 2397
2390 2395
2387 2389
2396 2398
2376 2393
2383 2386
2375 2385
2384 2394
2401 2402
2402 2404
2404 2403
2403 2401
2401 2404
2402 2403
2405 2406
2406 2408
2408 2407
2407 2405
2405 2408
2406 2407
2409 2410
2410 2412
2412 2411
2411 2409
2409 2412
2410 2411
2413 2414
2414 2416
2416 2415
2415 2413
2413 2416
2414 2415
2404 2413
2406 2411
2403 2405
2412 2414
2391 2401
2392 2409
2399 2402
2400 2410
2417 2418
2418 2420
2420 2419
2419 2417
2417 2420
2418 2419
2421 2422
2422 2424
2424 2423
2423 2421
2421 2424
2422 2423
2425 2426
2426 2428
2428 2427
2427 2425
2425 2428
2426 2427
2429 2430
2430 2432
2432 2431
2431 2429
2429 2432
2430 2431
2418 2425
2420 2429
2422 2427
2419 2421
2428 2430
2408 2425
2415 2418
2407 2417
2359 2369
2360 2377
2367 2370
2433 2434
2434 2436
2436 2435
2435 2433
2433 2436
2434 2435
2437 2438
2438 2440
2440 2439
2439 2437
2437 2440
2438 2439
2441 2442
2442 2444
2444 2443
2443 2441
2441 2444
2442 2443
2445 2446
2446 2448
2448 2447
2447 2445
2445 2448
2446 2447
2436 2445
2438 2443
2435 2437
2444 2446
2449 2450
2450 2452
2452 2451
2451 2449
2449 2452
2450 2451
2453 2454
2454 2456
2456 2455
2455 2453
2453 2456
2454 2455
2457 2458
2458 2460
2460 2459
2459 2457
2457 2460
2458 2459
2461 2462
2462 2464
2464 2463
2463 2461
2461 2464
2462 2463
2452 2461
2454 2459
2451 2453
2460 2462
2440 2457
2447 2450
2439 2449
2448 2458
2465 2466
2466 2468
2468 2467
2467 2465
2465 2468
2466 2467
2469 2470
2470 2472
2472 2471
2471 2469
2469 2472
2470 2471
2473 2474
2474 2476
2476 2475
2475 2473
2473 2476
2474 2475
2477 2478
2478 2480
2480 2479
2479 2477
2477 2480
2478 2479
2468 2477
2470 2475
2467 2469
2476 2478
2455 2465
2456 2473
2463 2466
2464 2474
2481 2482
2482 2484
2484 2483
2483 2481
2481 2484
2482 2483
2485 2486
2486 2488
2488 2487
2487 2485
2485 2488
2486 2487
2489 2490
2490 2492
2492 2491
2491 2489
2489 2492
2490 2491
2493 2494
2494 2496
2496 2495
2495 2493
2493 2496
2494 2495
2482 2489
2484 2493
2486 2491
2483 2485
2492 2494
2472 2489
2479 2482
2471 2481
2497 2498
2498 2500
2500 2499
2499 2497
2497 2500
2498 2499
2501 2502
2502 2504
2504 2503
2503 2501
2501 2504
2502 2503
2505 2506
2506 2508
2508 2507
2507 2505
2505 2508
2506 2507
2509 2510
2510 2512
2512 2511
2511 2509
2509 2512
2510 2511
2500 2509
2502 2507
2499 2501
2508 2510
2513 2514
2514 2516
2516 2515
2515 2513
2513 2516
2514 2515
2517 2518
2518 2520
2520 2519
2519 2517
2517 2520
2518 2519
2521 2522
2522 2524
2524 2523
2523 2521
2521 2524
2522 2523
2525 2526
2526 2528
2528 2527
2527 2525
2525 2528
2526 2527
2516 2525
2518 2523
2515 2517
2524 2526
2504 2521
2511 2514
2503 2513
2512 2522
2529 2530
2530 2532
2532 2531
2531 2529
2529 2532
2530 2531
2533 2534
2534 2536
2536 2535
2535 2533
2533 2536
2534 2535
2537 2538
2538 2540
2540 2539
2539 2537
2537 2540
2538 2539
2541 2542
2542 2544
2544 2543
2543 2541
2541 2544
2542 2543
2532 2541
2534 2539
2531 2533
2540 2542
2519 2529
2520 2537
2527 2530
2528 2538
2545 2546
2546 2548
2548 2547
2547 2545
2545 2548
2546 2547
2549 2550
2550 2552
2552 2551
2551 2549
2549 2552
2550 2551
2553 2554
2554 2556
2556 2555
2555 2553
2553 2556
2554 2555
2557 2558
2558 2560
2560 2559
2559 2557
2557 2560
2558 2559
2546 2553
2548 2557
2550 2555
2547 2549
2556 2558
2536 2553
2543 2546
2535 2545
2487 2497
2488 2505
2495 2498
2424 2441
2431 2434
2432 2442
2423 2433
2561 2562
2562 2564
2564 2563
2563 2561
2561 2564
2562 2563
2565 2566
2566 2568
2568 2567
2567 2565
2565 2568
2566 2567
2569 2570
2570 2572
2572 2571
2571 2569
2569 2572
2570 2571
2573 2574
2574 2576
2576 2575
2575 2573
2573 2576
2574 2575
2564 2573
2566 2571
2563 2565
2572 2574
2577 2578
2578 2580
2580 2579
2579 2577
2577 2580
2578 2579
2581 2582
2582 2584
2584 2583
2583 2581
2581 2584
2582 2583
2585 2586
2586 2588
2588 2587
2587 2585
2585 2588
2586 2587
2589 2590
2590 2592
2592 2591
2591 2589
2589 2592
2590 2591
2580 2589
2582 2587
2579 2581
2588 2590
2568 2585
2575 2578
2567 2577
2576 2586
2593 2594
2594 2596
2596 2595
2595 2593
2593 2596
2594 2595
2597 2598
2598 2600
2600 2599
2599 2597
2597 2600
2598 2599
2601 2602
2602 2604
2604 2603
2603 2601
2601 2604
2602 2603
2605 2606
2606 2608
2608 2607
2607 2605
2605 2608
2606 2607
2596 2605
2598 2603
2595 2597
2604 2606
2583 2593
2584 2601
2591 2594
2592 2602
2609 2610
2610 2612
2612 2611
2611 2609
2609 2612
2610 2611
2613 2614
2614 2616
2616 2615
2615 2613
2613 2616
2614 2615
2617 2618
2618 2620
2620 2619
2619 2617
2617 2620
2618 2619
2621 2622
2622 2624
2624 2623
2623 2621
2621 2624
2622 2623
2610 2617
2612 2621
2614 2619
2611 2613
2620 2622
2600 2617
2607 2610
2599 2609
2625 2626
2626 2628
2628 2627
2627 2625
2625 2628
2626 2627
2629 2630
2630 2632
2632 2631
2631 2629
2629 2632
2630 2631
2633 2634
2634 2636
2636 2635
2635 2633
2633 2636
2634 2635
2637 2638
2638 2640
2640 2639
2639 2637
2637 2640
2638 2639
2628 2637
2630 2635
2627 2629
2636 2638
2641 2642
2642 2644
2644 2643
2643 2641
2641 2644
2642 2643
2645 2646
2646 2648
2648 2647
2647 2645
2645 2648
2646 2647
2649 2650
2650 2652
2652 2651
2651 2649
2649 2652
2650 2651
2653 2654
2654 2656
2656 2655
2655 2653
2653 2656
2654 2655
2644 2653
2646 2651
2643 2645
2652 2654
2632 2649
2639 2642
2631 2641
2640 2650
2657 2658
2658 2660
2660 2659
2659 2657
2657 2660
2658 2659
2661 2662
2662 2664
2664 2663
2663 2661
2661 2664
2662 2663
2665 2666
2666 2668
2668 2667
2667 2665
2665 2668
2666 2667
2669 2670
2670 2672
2672 2671
2671 2669
2669 2672
2670 2671
2660 2669
2662 2667
2659 2661
2668 2670
2647 2657
2648 2665
2655 2658
2656 2666
2673 2674
2674 2676
2676 2675
2675 2673
2673 2676
2674 2675
2677 2678
2678 2680
2680 2679
2679 2677
2677 2680
2678 2679
2681 2682
2682 2684
2684 2683
2683 2681
2681 2684
2682 2683
2685 2686
2686 2688
2688 2687
2687 2685
2685 2688
2686 2687
2674 2681
2676 2685
2678 2683
2675 2677
2684 2686
2664 2681
2671 2674
2663 2673
2615 2625
2616 2633
2623 2626
2552 2569
2559 2562
2551 2561
2560 2570
2689 2690
2690 2692
2692 2691
2691 2689
2689 2692
2690 2691
2693 2694
2694 2696
2696 2695
2695 2693
2693 2696
2694 2695
2697 2698
2698 2700
2700 2699
2699 2697
2697 2700
2698 2699
2701 2702
2702 2704
2704 2703
2703 2701
2701 2704
2702 2703
2692 2701
2694 2699
2691 2693
2700 2702
2705 2706
2706 2708
2708 2707
2707 2705
2705 2708
2706 2707
2709 2710
2710 2712
2712 2711
2711 2709
2709 2712
2710 2711
2713 2714
2714 2716
2716 2715
2715 2713
2713 2716
2714 2715
2717 2718
2718 2720
2720 2719
2719 2717
2717 2720
2718 2719
2708 2717
2710 2715
2707 2709
2716 2718
2696 2713
2703 2706
2695 2705
2704 2714
2721 2722
2722 2724
2724 2723
2723 2721
2721 2724
2722 2723
2725 2726
2726 2728
2728 2727
2727 2725
2725 2728
2726 2727
2729 2730
2730 2732
2732 2731
2731 2729
2729 2732
2730 2731
2733 2734
2734 2736
2736 2735
2735 2733
2733 2736
2734 2735
2724 2733
2726 2731
2723 2725
2732 2734
2711 2721
2712 2729
2719 2722
2720 2730
2737 2738
2738 2740
2740 2739
2739 2737
2737 2740
2738 2739
2741 2742
2742 2744
2744 2743
2743 2741
2741 2744
2742 2743
2745 2746
2746 2748
2748 2747
2747 2745
2745 2748
2746 2747
2749 2750
2750 2752
2752 2751
2751 2749
2749 2752
2750 2751
2738 2745
2740 2749
2742 2747
2739 2741
2748 2750
2728 2745
2735 2738
2727 2737
2753 2754
2754 2756
2756 2755
2755 2753
2753 2756
2754 2755
2757 2758
2758 2760
2760 2759
2759 2757
2757 2760
2758 2759
2761 2762
2762 2764
2764 2763
2763 2761
2761 2764
2762 2763
2765 2766
2766 2768
2768 2767
2767 2765
2765 2768
2766 2767
2756 2765
2758 2763
2755 2757
2764 2766
2769 2770
2770 2772
2772 2771
2771 2769
2769 2772
2770 2771
2773 2774
2774 2776
2776 2775
2775 2773
2773 2776
2774 2775
2777 2778
2778 2780
2780 2779
2779 2777
2777 2780
2778 2779
2781 2782
2782 2784
2784 2783
2783 2781
2781 2784
2782 2783
2772 2781
2774 2779
2771 2773
2780 2782
2760 2777
2767 2770
2759 2769
2768 2778
2785 2786
2786 2788
2788 2787
2787 2785
2785 2788
2786 2787
2789 2790
2790 2792
2792 2791
2791 2789
2789 2792
2790 2791
2793 2794
2794 2796
2796 2795
2795 2793
2793 2796
2794 2795
2797 2798
2798 2800
2800 2799
2799 2797
2797 2800
2798 2799
2788 2797
2790 2795
2787 2789
2796 2798
2775 2785
2776 2793
2783 2786
2784 2794
2801 2802
2802 2804
2804 2803
2803 2801
2801 2804
2802 2803
2805 2806
2806 2808
2808 2807
2807 2805
2805 2808
2806 2807
2809 2810
2810 2812
2812 2811
2811 2809
2809 2812
2810 2811
2813 2814
2814 2816
2816 2815
2815 2813
2813 2816
2814 2815
2802 2809
2804 2813
2806 2811
2803 2805
2812 2814
2792 2809
2799 2802
2791 2801
2743 2753
2744 2761
2751 2754
2817 2818
2818 2820
2820 2819
2819 2817
2817 2820
2818 2819
2821 2822
2822 2824
2824 2823
2823 2821
2821 2824
2822 2823
2825 2826
2826 2828
2828 2827
2827 2825
2825 2828
2826 2827
2829 2830
2830 2832
2832 2831
2831 2829
2829 2832
2830 2831
2820 2829
2822 2827
2819 2821
2828 2830
2833 2834
2834 2836
2836 2835
2835 2833
2833 2836
2834 2835
2837 2838
2838 2840
2840 2839
2839 2837
2837 2840
2838 2839
2841 2842
2842 2844
2844 2843
2843 2841
2841 2844
2842 2843
2845 2846
2846 2848
2848 2847
2847 2845
2845 2848
2846 2847
2836 2845
2838 2843
2835 2837
2844 2846
2824 2841
2831 2834
2823 2833
2832 2842
2849 2850
2850 2852
2852 2851
2851 2849
2849 2852
2850 2851
2853 2854
2854 2856
2856 2855
2855 2853
2853 2856
2854 2855
2857 2858
2858 2860
2860 2859
2859 2857
2857 2860
2858 2859
2861 2862
2862 2864
2864 2863
2863 2861
2861 2864
2862 2863
2852 2861
2854 2859
2851 2853
2860 2862
2839 2849
2840 2857
2847 2850
2848 2858
2865 2866
2866 2868
2868 2867
2867 2865
2865 2868
2866 2867
2869 2870
2870 2872
2872 2871
2871 2869
2869 2872
2870 2871
2873 2874
2874 2876
2876 2875
2875 2873
2873 2876
2874 2875
2877 2878
2878 2880
2880 2879
2879 2877
2877 2880
2878 2879
2866 2873
2868 2877
2870 2875
2867 2869
2876 2878
2856 2873
2863 2866
2855 2865
2881 2882
2882 2884
2884 2883
2883 2881
2881 2884
2882 2883
2885 2886
2886 2888
2888 2887
2887 2885
2885 2888
2886 2887
2889 2890
2890 2892
2892 2891
2891 2889
2889 2892
2890 2891
2893 2894
2894 2896
2896 2895
2895 2893
2893 2896
2894 2895
2884 2893
2886 2891
2883 2885
2892 2894
2897 2898
2898 2900
2900 2899
2899 2897
2897 2900
2898 2899
2901 2902
2902 2904
2904 2903
2903 2901
2901 2904
2902 2903
2905 2906
2906 2908
2908 2907
2907 2905
2905 2908
2906 2907
2909 2910
2910 2912
2912 2911
2911 2909
2909 2912
2910 2911
2900 2909
2902 2907
2899 2901
2908 2910
2888 2905
2895 2898
2887 2897
2896 2906
2913 2914
2914 2916
2916 2915
2915 2913
2913 2916
2914 2915
2917 2918
2918 2920
2920 2919
2919 2917
2917 2920
2918 2919
2921 2922
2922 2924
2924 2923
2923 2921
2921 2924
2922 2923
2925 2926
2926 2928
2928 2927
2927 2925
2925 2928
2926 2927
2916 2925
2918 2923
2915 2917
2924 2926
2903 2913
2904 2921
2911 2914
2912 2922
2929 2930
2930 2932
2932 2931
2931 2929
2929 2932
2930 2931
2933 2934
2934 2936
2936 2935
2935 2933
2933 2936
2934 2935
2937 2938
2938 2940
2940 2939
2939 2937
2937 2940
2938 2939
2941 2942
2942 2944
2944 2943
2943 2941
2941 2944
2942 2943
2930 2937
2932 2941
2934 2939
2931 2933
2940 2942
2920 2937
2927 2930
2919 2929
2871 2881
2872 2889
2879 2882
2808 2825
2815 2818
2816 2826
2807 2817
2945 2946
2946 2948
2948 2947
2947 2945
2945 2948
2946 2947
2949 2950
2950 2952
2952 2951
2951 2949
2949 2952
2950 2951
2953 2954
2954 2956
2956 2955
2955 2953
2953 2956
2954 2955
2957 2958
2958 2960
2960 2959
2959 2957
2957 2960
2958 2959
2948 2957
2950 2955
2947 2949
2956 2958
2961 2962
2962 2964
2964 2963
2963 2961
2961 2964
2962 2963
2965 2966
2966 2968
2968 2967
2967 2965
2965 2968
2966 2967
2969 2970
2970 2972
2972 2971
2971 2969
2969 2972
2970 2971
2973 2974
2974 2976
2976 2975
2975 2973
2973 2976
2974 2975
2964 2973
2966 2971
2963 2965
2972 2974
2952 2969
2959 2962
2951 2961
2960 2970
2977 2978
2978 2980
2980 2979
2979 2977
2977 2980
2978 2979
2981 2982
2982 2984
2984 2983
2983 2981
2981 2984
2982 2983
2985 2986
2986 2988
2988 2987
2987 2985
2985 2988
2986 2987
2989 2990
2990 2992
2992 2991
2991 2989
2989 2992
2990 2991
2980 2989
2982 2987
2979 2981
2988 2990
2967 2977
2968 2985
2975 2978
2976 2986
2993 2994
2994 2996
2996 2995
2995 2993
2993 2996
2994 2995
2997 2998
2998 3000
3000 2999
2999 2997
2997 3000
2998 2999
3001 3002
3002 3004
3004 3003
3003 3001
3001 3004
3002 3003
3005 3006
3006 3008
3008 3007
3007 3005
3005 3008
3006 3007
2994 3001
2996 3005
2998 3003
2995 2997
3004 3006
2984 3001
2991 2994
2983 2993
3009 3010
3010 3012
3012 3011
3011 3009
3009 3012
3010 3011
3013 3014
3014 3016
3016 3015
3015 3013
3013 3016
3014 3015
3017 3018
3018 3020
3020 3019
3019 3017
3017 3020
3018 3019
3021 3022
3022 3024
3024 3023
3023 3021
3021 3024
3022 3023
3012 3021
3014 3019
3011 3013
3020 3022
3025 3026
3026 3028
3028 3027
3027 3025
3025 3028
3026 3027
3029 3030
3030 3032
3032 3031
3031 3029
3029 3032
3030 3031
3033 3034
3034 3036
3036 3035
3035 3033
3033 3036
3034 3035
3037 3038
3038 3040
3040 3039
3039 3037
3037 3040
3038 3039
3028 3037
3030 3035
3027 3029
3036 3038
3016 3033
3023 3026
3015 3025
3024 3034
3041 3042
3042 3044
3044 3043
3043 3041
3041 3044
3042 3043
3045 3046
3046 3048
3048 3047
3047 3045
3045 3048
3046 3047
3049 3050
3050 3052
3052 3051
3051 3049
3049 3052
3050 3051
3053 3054
3054 3056
3056 3055
3055 3053
3053 3056
3054 3055
3044 3053
3046 3051
3043 3045
3052 3054
3031 3041
3032 3049
3039 3042
3040 3050
3057 3058
3058 3060
3060 3059
3059 3057
3057 3060
3058 3059
3061 3062
3062 3064
3064 3063
3063 3061
3061 3064
3062 3063
3065 3066
3066 3068
3068 3067
3067 3065
3065 3068
3066 3067
3069 3070
3070 3072
3072 3071
3071 3069
3069 3072
3070 3071
3058 3065
3060 3069
3062 3067
3059 3061
3068 3070
3048 3065
3055 3058
3047 3057
2999 3009
3000 3017
3007 3010
2936 2953
2943 2946
2935 2945
2944 2954
2680 2697
2687 2690
2679 2689
2688 2698
2296 2313
2303 2306
2304 2314
2295 2305
3064 3071
1536 1546
1537 1527
1538 1535
1528 1545
