1 2
2 4
4 3
3 1
1 4
2 3
5 6
6 8
8 7
7 5
5 8
6 7
3 5
9 10
10 12
12 11
11 9
9 12
10 11
2 9
13 14
14 16
16 15
15 13
13 16
14 15
11 6
4 13
17 18
18 20
20 19
19 17
17 20
18 19
21 22
22 24
24 23
23 21
21 24
22 23
19 21
25 26
26 28
28 27
27 25
25 28
26 27
29 30
30 32
32 31
31 29
29 32
30 31
27 22
20 29
7 17
8 25
18 15
33 34
34 36
36 35
35 33
33 36
34 35
37 38
38 40
40 39
39 37
37 40
38 39
35 37
41 42
42 44
44 43
43 41
41 44
42 43
45 46
46 48
48 47
47 45
45 48
46 47
43 38
36 45
23 33
24 41
31 34
49 50
50 52
52 51
51 49
49 52
50 51
53 54
54 56
56 55
55 53
53 56
54 55
57 58
58 60
60 59
59 57
57 60
58 59
50 57
61 62
62 64
64 63
63 61
61 64
62 63
59 54
52 61
65 66
66 68
68 67
67 65
65 68
66 67
69 70
70 72
72 71
71 69
69 72
70 71
73 74
74 76
76 75
75 73
73 76
74 75
77 78
78 80
80 79
79 77
77 80
78 79
75 70
68 77
56 73
66 63
81 82
82 84
84 83
83 81
81 84
82 83
85 86
86 88
88 87
87 85
85 88
86 87
89 90
92 91
91 89
89 92
90 91
93 94
94 96
96 95
95 93
93 96
94 95
91 86
84 93
72 89
79 82
10 49
12 53
51 14
16 65
55 26
28 69
67 30
32 81
71 42
44 85
83 46
97 98
98 100
100 99
97 100
98 99
101 102
102 104
104 103
101 104
102 103
105 106
106 108
108 107
107 105
105 108
106 107
98 105
109 110
110 112
112 111
111 109
109 112
110 111
107 102
100 109
113 114
114 116
116 115
115 113
113 116
114 115
117 118
118 120
120 119
117 120
118 119
121 122
122 124
124 123
123 121
121 124
122 123
125 126
126 128
128 127
127 125
125 128
126 127
123 118
116 125
104 121
114 111
129 130
130 132
132 131
131 129
129 132
130 131
133 134
134 136
136 135
135 133
133 136
134 135
137 138
138 140
140 139
139 137
137 140
138 139
141 142
142 144
144 143
143 141
141 144
142 143
139 134
132 141
120 137
127 130
145 146
146 148
148 147
147 145
145 148
146 147
149 150
150 152
152 151
151 149
149 152
150 151
153 154
154 156
156 155
155 153
153 156
154 155
146 153
157 158
158 160
160 159
159 157
157 160
158 159
155 150
148 157
161 162
162 164
164 163
163 161
161 164
162 163
165 166
166 168
168 167
167 165
165 168
166 167
169 170
170 172
172 171
171 169
169 172
170 171
173 174
174 176
176 175
175 173
173 176
174 175
171 166
164 173
152 169
162 159
177 178
178 180
180 179
179 177
177 180
178 179
181 182
182 184
184 183
183 181
181 184
182 183
185 186
188 187
187 185
185 188
186 187
189 190
190 192
192 191
191 189
189 192
190 191
187 182
180 189
168 185
175 178
106 145
108 149
147 110
112 161
151 122
124 165
163 126
128 177
167 138
140 181
179 142
117 119
60 101
99 62
64 113
103 74
76 117
115 78
80 129
119 90
92 133
131 94
58 97
193 194
194 196
196 195
195 193
193 196
194 195
197 198
198 200
200 199
199 197
197 200
198 199
201 202
202 204
204 203
203 201
201 204
202 203
194 201
205 206
206 208
208 207
207 205
205 208
206 207
203 198
196 205
209 210
210 212
212 211
211 209
209 212
210 211
213 214
214 216
216 215
215 213
213 216
214 215
217 218
218 220
220 219
219 217
217 220
218 219
221 222
222 224
224 223
223 221
221 224
222 223
219 214
212 221
200 217
210 207
225 226
226 228
228 227
227 225
225 228
226 227
229 230
230 232
232 231
231 229
229 232
230 231
233 234
234 236
236 235
235 233
233 236
234 235
237 238
238 240
240 239
239 237
237 240
238 239
235 230
228 237
216 233
223 226
241 242
242 244
244 243
243 241
241 244
242 243
245 246
246 248
248 247
247 245
245 248
246 247
249 250
250 252
252 251
251 249
249 252
250 251
242 249
253 254
254 256
256 255
255 253
253 256
254 255
251 246
244 253
257 258
258 260
260 259
259 257
257 260
258 259
261 262
262 264
264 263
263 261
261 264
262 263
265 266
266 268
268 267
267 265
265 268
266 267
269 270
270 272
272 271
271 269
269 272
270 271
267 262
260 269
248 265
258 255
273 274
274 276
276 275
275 273
273 276
274 275
277 278
278 280
280 279
279 277
277 280
278 279
281 282
284 283
283 281
281 284
282 283
285 286
286 288
288 287
287 285
285 288
286 287
283 278
276 285
264 281
271 274
202 241
204 245
243 206
208 257
247 218
220 261
259 222
224 273
263 234
236 277
275 238
156 197
195 158
160 209
199 170
172 213
211 174
176 225
215 186
188 229
227 190
154 193
289 290
290 292
292 291
291 289
289 292
290 291
293 294
294 296
296 295
295 293
293 296
294 295
297 298
298 300
300 299
299 297
297 300
298 299
290 297
301 302
302 304
304 303
303 301
301 304
302 303
299 294
292 301
305 306
306 308
308 307
307 305
305 308
306 307
309 310
310 312
312 311
311 309
309 312
310 311
313 314
314 316
316 315
315 313
313 316
314 315
317 318
318 320
320 319
319 317
317 320
318 319
315 310
308 317
296 313
306 303
321 322
322 324
324 323
323 321
321 324
322 323
325 326
326 328
328 327
327 325
325 328
326 327
329 330
330 332
332 331
331 329
329 332
330 331
333 334
334 336
336 335
335 333
333 336
334 335
331 326
324 333
312 329
319 322
337 338
338 340
340 339
339 337
337 340
338 339
341 342
342 344
344 343
343 341
341 344
342 343
345 346
346 348
348 347
347 345
345 348
346 347
338 345
349 350
350 352
352 351
351 349
349 352
350 351
347 342
340 349
353 354
354 356
356 355
355 353
353 356
354 355
357 358
358 360
360 359
359 357
357 360
358 359
361 362
362 364
364 363
363 361
361 364
362 363
365 366
366 368
368 367
367 365
365 368
366 367
363 358
356 365
344 361
354 351
369 370
370 372
372 371
371 369
369 372
370 371
373 374
374 376
376 375
375 373
373 376
374 375
377 378
380 379
379 377
377 380
378 379
381 382
382 384
384 383
383 381
381 384
382 383
379 374
372 381
360 377
367 370
376 383
298 337
300 341
339 302
304 353
343 314
316 357
355 318
320 369
359 330
332 373
371 334
250 289
252 293
291 254
256 305
295 266
268 309
307 270
272 321
311 282
284 325
323 286
385 386
386 388
388 387
387 385
385 388
386 387
389 390
390 392
392 391
391 389
389 392
390 391
387 389
393 394
394 396
396 395
395 393
393 396
394 395
397 398
398 400
400 399
399 397
397 400
398 399
395 390
388 397
401 402
402 404
404 403
403 401
401 404
402 403
405 406
406 408
408 407
407 405
405 408
406 407
403 405
409 410
410 412
412 411
411 409
409 412
410 411
413 414
414 416
416 415
415 413
413 416
414 415
411 406
404 413
391 401
392 409
402 399
417 418
418 420
420 419
419 417
417 420
418 419
421 422
422 424
424 423
423 421
421 424
422 423
419 421
425 426
426 428
428 427
427 425
425 428
426 427
429 430
430 432
432 431
431 429
429 432
430 431
427 422
420 429
407 417
408 425
415 418
424 431
433 434
434 436
436 435
435 433
433 436
434 435
437 438
438 440
440 439
439 437
437 440
438 439
441 442
442 444
444 443
443 441
441 444
442 443
445 446
446 448
448 447
447 445
445 448
446 447
443 438
436 445
449 450
450 452
452 451
451 449
449 452
450 451
453 454
454 456
456 455
455 453
453 456
454 455
457 458
458 460
460 459
459 457
457 460
458 459
461 462
462 464
464 463
463 461
461 464
462 463
459 454
452 461
440 457
450 447
465 466
466 468
468 467
467 465
465 468
466 467
469 470
470 472
472 471
471 469
469 472
470 471
473 474
476 475
475 473
473 476
474 475
477 478
478 480
480 479
479 477
477 480
478 479
475 470
468 477
456 473
463 466
472 479
396 437
435 398
400 449
439 410
412 453
451 414
416 465
455 426
428 469
467 430
481 482
482 484
484 483
481 484
482 483
485 486
486 488
488 487
485 488
486 487
489 490
490 492
492 491
491 489
489 492
490 491
493 494
494 496
496 495
495 493
493 496
494 495
491 486
484 493
497 498
498 500
500 499
499 497
497 500
498 499
501 502
502 504
504 503
501 504
502 503
505 506
506 508
508 507
507 505
505 508
506 507
509 510
510 512
512 511
511 509
509 512
510 511
507 502
500 509
488 505
498 495
513 514
514 516
516 515
515 513
513 516
514 515
517 518
518 520
520 519
519 517
517 520
518 519
521 522
522 524
524 523
523 521
521 524
522 523
525 526
526 528
528 527
527 525
525 528
526 527
523 518
516 525
504 521
511 514
520 527
529 530
530 532
532 531
531 529
529 532
530 531
533 534
534 536
536 535
535 533
533 536
534 535
537 538
538 540
540 539
539 537
537 540
538 539
541 542
542 544
544 543
543 541
541 544
542 543
539 534
532 541
545 546
546 548
548 547
547 545
545 548
546 547
549 550
550 552
552 551
551 549
549 552
550 551
553 554
554 556
556 555
555 553
553 556
554 555
557 558
558 560
560 559
559 557
557 560
558 559
555 550
548 557
536 553
546 543
561 562
562 564
564 563
563 561
561 564
562 563
565 566
566 568
568 567
567 565
565 568
566 567
569 570
572 571
571 569
569 572
570 571
573 574
574 576
576 575
575 573
573 576
574 575
571 566
564 573
552 569
559 562
568 575
492 533
531 494
496 545
535 506
508 549
547 510
512 561
551 522
524 565
563 526
501 503
444 485
483 446
448 497
487 458
460 501
499 462
464 513
503 474
476 517
515 478
480 519
577 578
578 580
580 579
579 577
577 580
578 579
581 582
582 584
584 583
583 581
581 584
582 583
585 586
586 588
588 587
587 585
585 588
586 587
589 590
590 592
592 591
591 589
589 592
590 591
587 582
580 589
593 594
594 596
596 595
595 593
593 596
594 595
597 598
598 600
600 599
599 597
597 600
598 599
601 602
602 604
604 603
603 601
601 604
602 603
605 606
606 608
608 607
607 605
605 608
606 607
603 598
596 605
584 601
594 591
609 610
610 612
612 611
611 609
609 612
610 611
613 614
614 616
616 615
615 613
613 616
614 615
617 618
618 620
620 619
619 617
617 620
618 619
621 622
622 624
624 623
623 621
621 624
622 623
619 614
612 621
600 617
607 610
616 623
625 626
626 628
628 627
627 625
625 628
626 627
629 630
630 632
632 631
631 629
629 632
630 631
633 634
634 636
636 635
635 633
633 636
634 635
637 638
638 640
640 639
639 637
637 640
638 639
635 630
628 637
641 642
642 644
644 643
643 641
641 644
642 643
645 646
646 648
648 647
647 645
645 648
646 647
649 650
650 652
652 651
651 649
649 652
650 651
653 654
654 656
656 655
655 653
653 656
654 655
651 646
644 653
632 649
642 639
657 658
658 660
660 659
659 657
657 660
658 659
661 662
662 664
664 663
663 661
661 664
662 663
665 666
668 667
667 665
665 668
666 667
669 670
670 672
672 671
671 669
669 672
670 671
667 662
660 669
648 665
655 658
664 671
588 629
627 590
592 641
631 602
604 645
643 606
608 657
647 618
620 661
659 622
540 581
579 542
544 593
583 554
556 597
595 558
560 609
599 570
572 613
611 574
576 615
673 674
674 676
676 675
675 673
673 676
674 675
677 678
678 680
680 679
679 677
677 680
678 679
681 682
682 684
684 683
683 681
681 684
682 683
685 686
686 688
688 687
687 685
685 688
686 687
683 678
676 685
689 690
690 692
692 691
691 689
689 692
690 691
693 694
694 696
696 695
695 693
693 696
694 695
697 698
698 700
700 699
699 697
697 700
698 699
701 702
702 704
704 703
703 701
701 704
702 703
699 694
692 701
680 697
690 687
705 706
706 708
708 707
707 705
705 708
706 707
709 710
710 712
712 711
711 709
709 712
710 711
713 714
714 716
716 715
715 713
713 716
714 715
717 718
718 720
720 719
719 717
717 720
718 719
715 710
708 717
696 713
703 706
712 719
721 722
722 724
724 723
723 721
721 724
722 723
725 726
726 728
728 727
727 725
725 728
726 727
729 730
730 732
732 731
731 729
729 732
730 731
722 729
733 734
734 736
736 735
735 733
733 736
734 735
731 726
724 733
737 738
738 740
740 739
739 737
737 740
738 739
741 742
742 744
744 743
743 741
741 744
742 743
745 746
746 748
748 747
747 745
745 748
746 747
749 750
750 752
752 751
751 749
749 752
750 751
747 742
740 749
728 745
738 735
753 754
754 756
756 755
755 753
753 756
754 755
757 758
758 760
760 759
759 757
757 760
758 759
761 762
764 763
763 761
761 764
762 763
765 766
766 768
768 767
767 765
765 768
766 767
763 758
756 765
744 761
751 754
760 767
684 725
723 686
688 737
727 698
700 741
739 702
704 753
743 714
716 757
755 718
636 677
675 638
640 689
679 650
652 693
691 654
656 705
695 666
668 709
707 670
672 711
39 385
384 730
380 382
378 380
368 378
364 366
352 362
348 350
732 734
736 746
748 750
752 762
762 764
764 766
720 759
336 721
375 682
328 681
335 674
288 673
327 634
280 633
287 626
586 279
240 625
578 239
232 585
538 231
192 577
530 191
184 537
144 529
490 183
482 143
136 489
442 135
96 481
434 95
88 441
394 87
48 433
386 47
40 393
432 471
528 567
624 663
