176 262
0 1
0 2
1 2
2 3
3 1
4 5
5 6
6 4
7 8
8 9
9 7
10 11
11 12
12 10
13 14
14 15
15 13
16 17
17 18
18 16
19 20
20 21
21 19
22 23
23 24
24 22
25 26
26 27
27 25
28 29
29 30
30 28
31 32
32 33
33 31
34 35
35 36
36 34
37 38
38 39
39 37
40 41
41 42
42 40
43 44
44 45
45 43
46 47
47 48
48 46
49 50
50 51
51 49
52 53
53 54
54 52
55 56
56 57
57 55
58 59
59 60
60 58
61 62
62 63
63 61
64 65
65 66
66 64
67 68
68 69
69 67
70 71
71 72
72 70
73 74
74 75
75 73
76 77
77 78
78 76
79 80
80 81
81 79
82 83
83 84
84 82
85 86
86 87
87 85
88 89
89 90
90 88
91 92
92 93
93 91
94 95
95 96
96 94
3 5
6 8
9 11
70 58
59 56
56 53
53 50
50 38
38 26
26 14
14 2
1 17
4 15
13 29
16 27
25 41
28 39
51 40
62 37
49 65
54 61
52 68
57 64
55 60
67 71
7 18
10 21
23 33
35 45
47 31
43 86
75 46
73 89
78 85
76 92
81 88
79 95
91 84
83 69
80 72
76 69
77 66
63 74
44 40
32 42
19 30
98 97
97 99
99 98
12 97
101 100
100 102
102 101
104 103
103 105
105 104
107 106
106 108
108 107
110 109
109 111
111 110
99 36
100 24
34 103
102 48
106 87
111 96
109 93
108 90
105 107
101 104
113 112
112 114
114 113
116 115
115 117
117 116
119 118
118 120
120 119
122 121
121 123
123 122
125 124
124 126
126 125
128 127
127 129
129 128
131 130
130 132
132 131
134 133
133 135
135 134
137 136
136 138
138 137
140 139
139 141
141 140
143 142
142 144
144 143
146 145
145 147
147 146
149 148
148 150
150 149
98 112
113 127
129 116
115 114
117 119
135 121
122 136
123 110
142 148
94 150
149 147
145 126
139 125
138 140
130 118
132 133
151 152
152 153
153 151
154 155
155 156
156 154
158 159
159 160
160 158
161 162
162 163
163 161
164 165
165 166
166 164
167 168
168 169
169 167
170 171
171 172
172 170
173 174
174 175
175 173
172 174
128 151
153 131
155 158
159 164
165 173
166 168
167 162
157 163
157 137
169 134
154 146
156 140